p cnf 660 3553
 1 2 3 4 5 6 7 8 9 10 0
 -1 -2 0
 -1 -3 0
 -1 -4 0
 -1 -5 0
 -1 -6 0
 -1 -7 0
 -1 -8 0
 -1 -9 0
 -1 -10 0
 -2 -3 0
 -2 -4 0
 -2 -5 0
 -2 -6 0
 -2 -7 0
 -2 -8 0
 -2 -9 0
 -2 -10 0
 -3 -4 0
 -3 -5 0
 -3 -6 0
 -3 -7 0
 -3 -8 0
 -3 -9 0
 -3 -10 0
 -4 -5 0
 -4 -6 0
 -4 -7 0
 -4 -8 0
 -4 -9 0
 -4 -10 0
 -5 -6 0
 -5 -7 0
 -5 -8 0
 -5 -9 0
 -5 -10 0
 -6 -7 0
 -6 -8 0
 -6 -9 0
 -6 -10 0
 -7 -8 0
 -7 -9 0
 -7 -10 0
 -8 -9 0
 -8 -10 0
 -9 -10 0
 1 11 12 13 14 15 16 17 18 19 0
 -1 -11 -12 0
 -1 -11 -13 0
 -1 -11 -14 0
 -1 -11 -15 0
 -1 -11 -16 0
 -1 -11 -17 0
 -1 -11 -18 0
 -1 -11 -19 0
 -1 -12 -13 0
 -1 -12 -14 0
 -1 -12 -15 0
 -1 -12 -16 0
 -1 -12 -17 0
 -1 -12 -18 0
 -1 -12 -19 0
 -1 -13 -14 0
 -1 -13 -15 0
 -1 -13 -16 0
 -1 -13 -17 0
 -1 -13 -18 0
 -1 -13 -19 0
 -1 -14 -15 0
 -1 -14 -16 0
 -1 -14 -17 0
 -1 -14 -18 0
 -1 -14 -19 0
 -1 -15 -16 0
 -1 -15 -17 0
 -1 -15 -18 0
 -1 -15 -19 0
 -1 -16 -17 0
 -1 -16 -18 0
 -1 -16 -19 0
 -1 -17 -18 0
 -1 -17 -19 0
 -1 -18 -19 0
 -11 -12 -13 0
 -11 -12 -14 0
 -11 -12 -15 0
 -11 -12 -16 0
 -11 -12 -17 0
 -11 -12 -18 0
 -11 -12 -19 0
 -11 -13 -14 0
 -11 -13 -15 0
 -11 -13 -16 0
 -11 -13 -17 0
 -11 -13 -18 0
 -11 -13 -19 0
 -11 -14 -15 0
 -11 -14 -16 0
 -11 -14 -17 0
 -11 -14 -18 0
 -11 -14 -19 0
 -11 -15 -16 0
 -11 -15 -17 0
 -11 -15 -18 0
 -11 -15 -19 0
 -11 -16 -17 0
 -11 -16 -18 0
 -11 -16 -19 0
 -11 -17 -18 0
 -11 -17 -19 0
 -11 -18 -19 0
 -12 -13 -14 0
 -12 -13 -15 0
 -12 -13 -16 0
 -12 -13 -17 0
 -12 -13 -18 0
 -12 -13 -19 0
 -12 -14 -15 0
 -12 -14 -16 0
 -12 -14 -17 0
 -12 -14 -18 0
 -12 -14 -19 0
 -12 -15 -16 0
 -12 -15 -17 0
 -12 -15 -18 0
 -12 -15 -19 0
 -12 -16 -17 0
 -12 -16 -18 0
 -12 -16 -19 0
 -12 -17 -18 0
 -12 -17 -19 0
 -12 -18 -19 0
 -13 -14 -15 0
 -13 -14 -16 0
 -13 -14 -17 0
 -13 -14 -18 0
 -13 -14 -19 0
 -13 -15 -16 0
 -13 -15 -17 0
 -13 -15 -18 0
 -13 -15 -19 0
 -13 -16 -17 0
 -13 -16 -18 0
 -13 -16 -19 0
 -13 -17 -18 0
 -13 -17 -19 0
 -13 -18 -19 0
 -14 -15 -16 0
 -14 -15 -17 0
 -14 -15 -18 0
 -14 -15 -19 0
 -14 -16 -17 0
 -14 -16 -18 0
 -14 -16 -19 0
 -14 -17 -18 0
 -14 -17 -19 0
 -14 -18 -19 0
 -15 -16 -17 0
 -15 -16 -18 0
 -15 -16 -19 0
 -15 -17 -18 0
 -15 -17 -19 0
 -15 -18 -19 0
 -16 -17 -18 0
 -16 -17 -19 0
 -16 -18 -19 0
 -17 -18 -19 0
 2 11 20 21 22 23 24 25 26 27 0
 -2 -11 -20 0
 -2 -11 -21 0
 -2 -11 -22 0
 -2 -11 -23 0
 -2 -11 -24 0
 -2 -11 -25 0
 -2 -11 -26 0
 -2 -11 -27 0
 -2 -20 -21 0
 -2 -20 -22 0
 -2 -20 -23 0
 -2 -20 -24 0
 -2 -20 -25 0
 -2 -20 -26 0
 -2 -20 -27 0
 -2 -21 -22 0
 -2 -21 -23 0
 -2 -21 -24 0
 -2 -21 -25 0
 -2 -21 -26 0
 -2 -21 -27 0
 -2 -22 -23 0
 -2 -22 -24 0
 -2 -22 -25 0
 -2 -22 -26 0
 -2 -22 -27 0
 -2 -23 -24 0
 -2 -23 -25 0
 -2 -23 -26 0
 -2 -23 -27 0
 -2 -24 -25 0
 -2 -24 -26 0
 -2 -24 -27 0
 -2 -25 -26 0
 -2 -25 -27 0
 -2 -26 -27 0
 -11 -20 -21 0
 -11 -20 -22 0
 -11 -20 -23 0
 -11 -20 -24 0
 -11 -20 -25 0
 -11 -20 -26 0
 -11 -20 -27 0
 -11 -21 -22 0
 -11 -21 -23 0
 -11 -21 -24 0
 -11 -21 -25 0
 -11 -21 -26 0
 -11 -21 -27 0
 -11 -22 -23 0
 -11 -22 -24 0
 -11 -22 -25 0
 -11 -22 -26 0
 -11 -22 -27 0
 -11 -23 -24 0
 -11 -23 -25 0
 -11 -23 -26 0
 -11 -23 -27 0
 -11 -24 -25 0
 -11 -24 -26 0
 -11 -24 -27 0
 -11 -25 -26 0
 -11 -25 -27 0
 -11 -26 -27 0
 -20 -21 -22 0
 -20 -21 -23 0
 -20 -21 -24 0
 -20 -21 -25 0
 -20 -21 -26 0
 -20 -21 -27 0
 -20 -22 -23 0
 -20 -22 -24 0
 -20 -22 -25 0
 -20 -22 -26 0
 -20 -22 -27 0
 -20 -23 -24 0
 -20 -23 -25 0
 -20 -23 -26 0
 -20 -23 -27 0
 -20 -24 -25 0
 -20 -24 -26 0
 -20 -24 -27 0
 -20 -25 -26 0
 -20 -25 -27 0
 -20 -26 -27 0
 -21 -22 -23 0
 -21 -22 -24 0
 -21 -22 -25 0
 -21 -22 -26 0
 -21 -22 -27 0
 -21 -23 -24 0
 -21 -23 -25 0
 -21 -23 -26 0
 -21 -23 -27 0
 -21 -24 -25 0
 -21 -24 -26 0
 -21 -24 -27 0
 -21 -25 -26 0
 -21 -25 -27 0
 -21 -26 -27 0
 -22 -23 -24 0
 -22 -23 -25 0
 -22 -23 -26 0
 -22 -23 -27 0
 -22 -24 -25 0
 -22 -24 -26 0
 -22 -24 -27 0
 -22 -25 -26 0
 -22 -25 -27 0
 -22 -26 -27 0
 -23 -24 -25 0
 -23 -24 -26 0
 -23 -24 -27 0
 -23 -25 -26 0
 -23 -25 -27 0
 -23 -26 -27 0
 -24 -25 -26 0
 -24 -25 -27 0
 -24 -26 -27 0
 -25 -26 -27 0
 3 12 20 28 29 30 31 32 33 34 0
 -3 -12 -20 0
 -3 -12 -28 0
 -3 -12 -29 0
 -3 -12 -30 0
 -3 -12 -31 0
 -3 -12 -32 0
 -3 -12 -33 0
 -3 -12 -34 0
 -3 -20 -28 0
 -3 -20 -29 0
 -3 -20 -30 0
 -3 -20 -31 0
 -3 -20 -32 0
 -3 -20 -33 0
 -3 -20 -34 0
 -3 -28 -29 0
 -3 -28 -30 0
 -3 -28 -31 0
 -3 -28 -32 0
 -3 -28 -33 0
 -3 -28 -34 0
 -3 -29 -30 0
 -3 -29 -31 0
 -3 -29 -32 0
 -3 -29 -33 0
 -3 -29 -34 0
 -3 -30 -31 0
 -3 -30 -32 0
 -3 -30 -33 0
 -3 -30 -34 0
 -3 -31 -32 0
 -3 -31 -33 0
 -3 -31 -34 0
 -3 -32 -33 0
 -3 -32 -34 0
 -3 -33 -34 0
 -12 -20 -28 0
 -12 -20 -29 0
 -12 -20 -30 0
 -12 -20 -31 0
 -12 -20 -32 0
 -12 -20 -33 0
 -12 -20 -34 0
 -12 -28 -29 0
 -12 -28 -30 0
 -12 -28 -31 0
 -12 -28 -32 0
 -12 -28 -33 0
 -12 -28 -34 0
 -12 -29 -30 0
 -12 -29 -31 0
 -12 -29 -32 0
 -12 -29 -33 0
 -12 -29 -34 0
 -12 -30 -31 0
 -12 -30 -32 0
 -12 -30 -33 0
 -12 -30 -34 0
 -12 -31 -32 0
 -12 -31 -33 0
 -12 -31 -34 0
 -12 -32 -33 0
 -12 -32 -34 0
 -12 -33 -34 0
 -20 -28 -29 0
 -20 -28 -30 0
 -20 -28 -31 0
 -20 -28 -32 0
 -20 -28 -33 0
 -20 -28 -34 0
 -20 -29 -30 0
 -20 -29 -31 0
 -20 -29 -32 0
 -20 -29 -33 0
 -20 -29 -34 0
 -20 -30 -31 0
 -20 -30 -32 0
 -20 -30 -33 0
 -20 -30 -34 0
 -20 -31 -32 0
 -20 -31 -33 0
 -20 -31 -34 0
 -20 -32 -33 0
 -20 -32 -34 0
 -20 -33 -34 0
 -28 -29 -30 0
 -28 -29 -31 0
 -28 -29 -32 0
 -28 -29 -33 0
 -28 -29 -34 0
 -28 -30 -31 0
 -28 -30 -32 0
 -28 -30 -33 0
 -28 -30 -34 0
 -28 -31 -32 0
 -28 -31 -33 0
 -28 -31 -34 0
 -28 -32 -33 0
 -28 -32 -34 0
 -28 -33 -34 0
 -29 -30 -31 0
 -29 -30 -32 0
 -29 -30 -33 0
 -29 -30 -34 0
 -29 -31 -32 0
 -29 -31 -33 0
 -29 -31 -34 0
 -29 -32 -33 0
 -29 -32 -34 0
 -29 -33 -34 0
 -30 -31 -32 0
 -30 -31 -33 0
 -30 -31 -34 0
 -30 -32 -33 0
 -30 -32 -34 0
 -30 -33 -34 0
 -31 -32 -33 0
 -31 -32 -34 0
 -31 -33 -34 0
 -32 -33 -34 0
 4 13 21 28 35 36 37 38 39 40 0
 -4 -13 -21 0
 -4 -13 -28 0
 -4 -13 -35 0
 -4 -13 -36 0
 -4 -13 -37 0
 -4 -13 -38 0
 -4 -13 -39 0
 -4 -13 -40 0
 -4 -21 -28 0
 -4 -21 -35 0
 -4 -21 -36 0
 -4 -21 -37 0
 -4 -21 -38 0
 -4 -21 -39 0
 -4 -21 -40 0
 -4 -28 -35 0
 -4 -28 -36 0
 -4 -28 -37 0
 -4 -28 -38 0
 -4 -28 -39 0
 -4 -28 -40 0
 -4 -35 -36 0
 -4 -35 -37 0
 -4 -35 -38 0
 -4 -35 -39 0
 -4 -35 -40 0
 -4 -36 -37 0
 -4 -36 -38 0
 -4 -36 -39 0
 -4 -36 -40 0
 -4 -37 -38 0
 -4 -37 -39 0
 -4 -37 -40 0
 -4 -38 -39 0
 -4 -38 -40 0
 -4 -39 -40 0
 -13 -21 -28 0
 -13 -21 -35 0
 -13 -21 -36 0
 -13 -21 -37 0
 -13 -21 -38 0
 -13 -21 -39 0
 -13 -21 -40 0
 -13 -28 -35 0
 -13 -28 -36 0
 -13 -28 -37 0
 -13 -28 -38 0
 -13 -28 -39 0
 -13 -28 -40 0
 -13 -35 -36 0
 -13 -35 -37 0
 -13 -35 -38 0
 -13 -35 -39 0
 -13 -35 -40 0
 -13 -36 -37 0
 -13 -36 -38 0
 -13 -36 -39 0
 -13 -36 -40 0
 -13 -37 -38 0
 -13 -37 -39 0
 -13 -37 -40 0
 -13 -38 -39 0
 -13 -38 -40 0
 -13 -39 -40 0
 -21 -28 -35 0
 -21 -28 -36 0
 -21 -28 -37 0
 -21 -28 -38 0
 -21 -28 -39 0
 -21 -28 -40 0
 -21 -35 -36 0
 -21 -35 -37 0
 -21 -35 -38 0
 -21 -35 -39 0
 -21 -35 -40 0
 -21 -36 -37 0
 -21 -36 -38 0
 -21 -36 -39 0
 -21 -36 -40 0
 -21 -37 -38 0
 -21 -37 -39 0
 -21 -37 -40 0
 -21 -38 -39 0
 -21 -38 -40 0
 -21 -39 -40 0
 -28 -35 -36 0
 -28 -35 -37 0
 -28 -35 -38 0
 -28 -35 -39 0
 -28 -35 -40 0
 -28 -36 -37 0
 -28 -36 -38 0
 -28 -36 -39 0
 -28 -36 -40 0
 -28 -37 -38 0
 -28 -37 -39 0
 -28 -37 -40 0
 -28 -38 -39 0
 -28 -38 -40 0
 -28 -39 -40 0
 -35 -36 -37 0
 -35 -36 -38 0
 -35 -36 -39 0
 -35 -36 -40 0
 -35 -37 -38 0
 -35 -37 -39 0
 -35 -37 -40 0
 -35 -38 -39 0
 -35 -38 -40 0
 -35 -39 -40 0
 -36 -37 -38 0
 -36 -37 -39 0
 -36 -37 -40 0
 -36 -38 -39 0
 -36 -38 -40 0
 -36 -39 -40 0
 -37 -38 -39 0
 -37 -38 -40 0
 -37 -39 -40 0
 -38 -39 -40 0
 5 14 22 29 35 41 42 43 44 45 0
 -5 -14 -22 0
 -5 -14 -29 0
 -5 -14 -35 0
 -5 -14 -41 0
 -5 -14 -42 0
 -5 -14 -43 0
 -5 -14 -44 0
 -5 -14 -45 0
 -5 -22 -29 0
 -5 -22 -35 0
 -5 -22 -41 0
 -5 -22 -42 0
 -5 -22 -43 0
 -5 -22 -44 0
 -5 -22 -45 0
 -5 -29 -35 0
 -5 -29 -41 0
 -5 -29 -42 0
 -5 -29 -43 0
 -5 -29 -44 0
 -5 -29 -45 0
 -5 -35 -41 0
 -5 -35 -42 0
 -5 -35 -43 0
 -5 -35 -44 0
 -5 -35 -45 0
 -5 -41 -42 0
 -5 -41 -43 0
 -5 -41 -44 0
 -5 -41 -45 0
 -5 -42 -43 0
 -5 -42 -44 0
 -5 -42 -45 0
 -5 -43 -44 0
 -5 -43 -45 0
 -5 -44 -45 0
 -14 -22 -29 0
 -14 -22 -35 0
 -14 -22 -41 0
 -14 -22 -42 0
 -14 -22 -43 0
 -14 -22 -44 0
 -14 -22 -45 0
 -14 -29 -35 0
 -14 -29 -41 0
 -14 -29 -42 0
 -14 -29 -43 0
 -14 -29 -44 0
 -14 -29 -45 0
 -14 -35 -41 0
 -14 -35 -42 0
 -14 -35 -43 0
 -14 -35 -44 0
 -14 -35 -45 0
 -14 -41 -42 0
 -14 -41 -43 0
 -14 -41 -44 0
 -14 -41 -45 0
 -14 -42 -43 0
 -14 -42 -44 0
 -14 -42 -45 0
 -14 -43 -44 0
 -14 -43 -45 0
 -14 -44 -45 0
 -22 -29 -35 0
 -22 -29 -41 0
 -22 -29 -42 0
 -22 -29 -43 0
 -22 -29 -44 0
 -22 -29 -45 0
 -22 -35 -41 0
 -22 -35 -42 0
 -22 -35 -43 0
 -22 -35 -44 0
 -22 -35 -45 0
 -22 -41 -42 0
 -22 -41 -43 0
 -22 -41 -44 0
 -22 -41 -45 0
 -22 -42 -43 0
 -22 -42 -44 0
 -22 -42 -45 0
 -22 -43 -44 0
 -22 -43 -45 0
 -22 -44 -45 0
 -29 -35 -41 0
 -29 -35 -42 0
 -29 -35 -43 0
 -29 -35 -44 0
 -29 -35 -45 0
 -29 -41 -42 0
 -29 -41 -43 0
 -29 -41 -44 0
 -29 -41 -45 0
 -29 -42 -43 0
 -29 -42 -44 0
 -29 -42 -45 0
 -29 -43 -44 0
 -29 -43 -45 0
 -29 -44 -45 0
 -35 -41 -42 0
 -35 -41 -43 0
 -35 -41 -44 0
 -35 -41 -45 0
 -35 -42 -43 0
 -35 -42 -44 0
 -35 -42 -45 0
 -35 -43 -44 0
 -35 -43 -45 0
 -35 -44 -45 0
 -41 -42 -43 0
 -41 -42 -44 0
 -41 -42 -45 0
 -41 -43 -44 0
 -41 -43 -45 0
 -41 -44 -45 0
 -42 -43 -44 0
 -42 -43 -45 0
 -42 -44 -45 0
 -43 -44 -45 0
 6 15 23 30 36 41 46 47 48 49 0
 -6 -15 -23 0
 -6 -15 -30 0
 -6 -15 -36 0
 -6 -15 -41 0
 -6 -15 -46 0
 -6 -15 -47 0
 -6 -15 -48 0
 -6 -15 -49 0
 -6 -23 -30 0
 -6 -23 -36 0
 -6 -23 -41 0
 -6 -23 -46 0
 -6 -23 -47 0
 -6 -23 -48 0
 -6 -23 -49 0
 -6 -30 -36 0
 -6 -30 -41 0
 -6 -30 -46 0
 -6 -30 -47 0
 -6 -30 -48 0
 -6 -30 -49 0
 -6 -36 -41 0
 -6 -36 -46 0
 -6 -36 -47 0
 -6 -36 -48 0
 -6 -36 -49 0
 -6 -41 -46 0
 -6 -41 -47 0
 -6 -41 -48 0
 -6 -41 -49 0
 -6 -46 -47 0
 -6 -46 -48 0
 -6 -46 -49 0
 -6 -47 -48 0
 -6 -47 -49 0
 -6 -48 -49 0
 -15 -23 -30 0
 -15 -23 -36 0
 -15 -23 -41 0
 -15 -23 -46 0
 -15 -23 -47 0
 -15 -23 -48 0
 -15 -23 -49 0
 -15 -30 -36 0
 -15 -30 -41 0
 -15 -30 -46 0
 -15 -30 -47 0
 -15 -30 -48 0
 -15 -30 -49 0
 -15 -36 -41 0
 -15 -36 -46 0
 -15 -36 -47 0
 -15 -36 -48 0
 -15 -36 -49 0
 -15 -41 -46 0
 -15 -41 -47 0
 -15 -41 -48 0
 -15 -41 -49 0
 -15 -46 -47 0
 -15 -46 -48 0
 -15 -46 -49 0
 -15 -47 -48 0
 -15 -47 -49 0
 -15 -48 -49 0
 -23 -30 -36 0
 -23 -30 -41 0
 -23 -30 -46 0
 -23 -30 -47 0
 -23 -30 -48 0
 -23 -30 -49 0
 -23 -36 -41 0
 -23 -36 -46 0
 -23 -36 -47 0
 -23 -36 -48 0
 -23 -36 -49 0
 -23 -41 -46 0
 -23 -41 -47 0
 -23 -41 -48 0
 -23 -41 -49 0
 -23 -46 -47 0
 -23 -46 -48 0
 -23 -46 -49 0
 -23 -47 -48 0
 -23 -47 -49 0
 -23 -48 -49 0
 -30 -36 -41 0
 -30 -36 -46 0
 -30 -36 -47 0
 -30 -36 -48 0
 -30 -36 -49 0
 -30 -41 -46 0
 -30 -41 -47 0
 -30 -41 -48 0
 -30 -41 -49 0
 -30 -46 -47 0
 -30 -46 -48 0
 -30 -46 -49 0
 -30 -47 -48 0
 -30 -47 -49 0
 -30 -48 -49 0
 -36 -41 -46 0
 -36 -41 -47 0
 -36 -41 -48 0
 -36 -41 -49 0
 -36 -46 -47 0
 -36 -46 -48 0
 -36 -46 -49 0
 -36 -47 -48 0
 -36 -47 -49 0
 -36 -48 -49 0
 -41 -46 -47 0
 -41 -46 -48 0
 -41 -46 -49 0
 -41 -47 -48 0
 -41 -47 -49 0
 -41 -48 -49 0
 -46 -47 -48 0
 -46 -47 -49 0
 -46 -48 -49 0
 -47 -48 -49 0
 7 16 24 31 37 42 46 50 51 52 0
 -7 -16 -24 0
 -7 -16 -31 0
 -7 -16 -37 0
 -7 -16 -42 0
 -7 -16 -46 0
 -7 -16 -50 0
 -7 -16 -51 0
 -7 -16 -52 0
 -7 -24 -31 0
 -7 -24 -37 0
 -7 -24 -42 0
 -7 -24 -46 0
 -7 -24 -50 0
 -7 -24 -51 0
 -7 -24 -52 0
 -7 -31 -37 0
 -7 -31 -42 0
 -7 -31 -46 0
 -7 -31 -50 0
 -7 -31 -51 0
 -7 -31 -52 0
 -7 -37 -42 0
 -7 -37 -46 0
 -7 -37 -50 0
 -7 -37 -51 0
 -7 -37 -52 0
 -7 -42 -46 0
 -7 -42 -50 0
 -7 -42 -51 0
 -7 -42 -52 0
 -7 -46 -50 0
 -7 -46 -51 0
 -7 -46 -52 0
 -7 -50 -51 0
 -7 -50 -52 0
 -7 -51 -52 0
 -16 -24 -31 0
 -16 -24 -37 0
 -16 -24 -42 0
 -16 -24 -46 0
 -16 -24 -50 0
 -16 -24 -51 0
 -16 -24 -52 0
 -16 -31 -37 0
 -16 -31 -42 0
 -16 -31 -46 0
 -16 -31 -50 0
 -16 -31 -51 0
 -16 -31 -52 0
 -16 -37 -42 0
 -16 -37 -46 0
 -16 -37 -50 0
 -16 -37 -51 0
 -16 -37 -52 0
 -16 -42 -46 0
 -16 -42 -50 0
 -16 -42 -51 0
 -16 -42 -52 0
 -16 -46 -50 0
 -16 -46 -51 0
 -16 -46 -52 0
 -16 -50 -51 0
 -16 -50 -52 0
 -16 -51 -52 0
 -24 -31 -37 0
 -24 -31 -42 0
 -24 -31 -46 0
 -24 -31 -50 0
 -24 -31 -51 0
 -24 -31 -52 0
 -24 -37 -42 0
 -24 -37 -46 0
 -24 -37 -50 0
 -24 -37 -51 0
 -24 -37 -52 0
 -24 -42 -46 0
 -24 -42 -50 0
 -24 -42 -51 0
 -24 -42 -52 0
 -24 -46 -50 0
 -24 -46 -51 0
 -24 -46 -52 0
 -24 -50 -51 0
 -24 -50 -52 0
 -24 -51 -52 0
 -31 -37 -42 0
 -31 -37 -46 0
 -31 -37 -50 0
 -31 -37 -51 0
 -31 -37 -52 0
 -31 -42 -46 0
 -31 -42 -50 0
 -31 -42 -51 0
 -31 -42 -52 0
 -31 -46 -50 0
 -31 -46 -51 0
 -31 -46 -52 0
 -31 -50 -51 0
 -31 -50 -52 0
 -31 -51 -52 0
 -37 -42 -46 0
 -37 -42 -50 0
 -37 -42 -51 0
 -37 -42 -52 0
 -37 -46 -50 0
 -37 -46 -51 0
 -37 -46 -52 0
 -37 -50 -51 0
 -37 -50 -52 0
 -37 -51 -52 0
 -42 -46 -50 0
 -42 -46 -51 0
 -42 -46 -52 0
 -42 -50 -51 0
 -42 -50 -52 0
 -42 -51 -52 0
 -46 -50 -51 0
 -46 -50 -52 0
 -46 -51 -52 0
 -50 -51 -52 0
 8 17 25 32 38 43 47 50 53 54 0
 -8 -17 -25 0
 -8 -17 -32 0
 -8 -17 -38 0
 -8 -17 -43 0
 -8 -17 -47 0
 -8 -17 -50 0
 -8 -17 -53 0
 -8 -17 -54 0
 -8 -25 -32 0
 -8 -25 -38 0
 -8 -25 -43 0
 -8 -25 -47 0
 -8 -25 -50 0
 -8 -25 -53 0
 -8 -25 -54 0
 -8 -32 -38 0
 -8 -32 -43 0
 -8 -32 -47 0
 -8 -32 -50 0
 -8 -32 -53 0
 -8 -32 -54 0
 -8 -38 -43 0
 -8 -38 -47 0
 -8 -38 -50 0
 -8 -38 -53 0
 -8 -38 -54 0
 -8 -43 -47 0
 -8 -43 -50 0
 -8 -43 -53 0
 -8 -43 -54 0
 -8 -47 -50 0
 -8 -47 -53 0
 -8 -47 -54 0
 -8 -50 -53 0
 -8 -50 -54 0
 -8 -53 -54 0
 -17 -25 -32 0
 -17 -25 -38 0
 -17 -25 -43 0
 -17 -25 -47 0
 -17 -25 -50 0
 -17 -25 -53 0
 -17 -25 -54 0
 -17 -32 -38 0
 -17 -32 -43 0
 -17 -32 -47 0
 -17 -32 -50 0
 -17 -32 -53 0
 -17 -32 -54 0
 -17 -38 -43 0
 -17 -38 -47 0
 -17 -38 -50 0
 -17 -38 -53 0
 -17 -38 -54 0
 -17 -43 -47 0
 -17 -43 -50 0
 -17 -43 -53 0
 -17 -43 -54 0
 -17 -47 -50 0
 -17 -47 -53 0
 -17 -47 -54 0
 -17 -50 -53 0
 -17 -50 -54 0
 -17 -53 -54 0
 -25 -32 -38 0
 -25 -32 -43 0
 -25 -32 -47 0
 -25 -32 -50 0
 -25 -32 -53 0
 -25 -32 -54 0
 -25 -38 -43 0
 -25 -38 -47 0
 -25 -38 -50 0
 -25 -38 -53 0
 -25 -38 -54 0
 -25 -43 -47 0
 -25 -43 -50 0
 -25 -43 -53 0
 -25 -43 -54 0
 -25 -47 -50 0
 -25 -47 -53 0
 -25 -47 -54 0
 -25 -50 -53 0
 -25 -50 -54 0
 -25 -53 -54 0
 -32 -38 -43 0
 -32 -38 -47 0
 -32 -38 -50 0
 -32 -38 -53 0
 -32 -38 -54 0
 -32 -43 -47 0
 -32 -43 -50 0
 -32 -43 -53 0
 -32 -43 -54 0
 -32 -47 -50 0
 -32 -47 -53 0
 -32 -47 -54 0
 -32 -50 -53 0
 -32 -50 -54 0
 -32 -53 -54 0
 -38 -43 -47 0
 -38 -43 -50 0
 -38 -43 -53 0
 -38 -43 -54 0
 -38 -47 -50 0
 -38 -47 -53 0
 -38 -47 -54 0
 -38 -50 -53 0
 -38 -50 -54 0
 -38 -53 -54 0
 -43 -47 -50 0
 -43 -47 -53 0
 -43 -47 -54 0
 -43 -50 -53 0
 -43 -50 -54 0
 -43 -53 -54 0
 -47 -50 -53 0
 -47 -50 -54 0
 -47 -53 -54 0
 -50 -53 -54 0
 9 18 26 33 39 44 48 51 53 55 0
 -9 -18 -26 0
 -9 -18 -33 0
 -9 -18 -39 0
 -9 -18 -44 0
 -9 -18 -48 0
 -9 -18 -51 0
 -9 -18 -53 0
 -9 -18 -55 0
 -9 -26 -33 0
 -9 -26 -39 0
 -9 -26 -44 0
 -9 -26 -48 0
 -9 -26 -51 0
 -9 -26 -53 0
 -9 -26 -55 0
 -9 -33 -39 0
 -9 -33 -44 0
 -9 -33 -48 0
 -9 -33 -51 0
 -9 -33 -53 0
 -9 -33 -55 0
 -9 -39 -44 0
 -9 -39 -48 0
 -9 -39 -51 0
 -9 -39 -53 0
 -9 -39 -55 0
 -9 -44 -48 0
 -9 -44 -51 0
 -9 -44 -53 0
 -9 -44 -55 0
 -9 -48 -51 0
 -9 -48 -53 0
 -9 -48 -55 0
 -9 -51 -53 0
 -9 -51 -55 0
 -9 -53 -55 0
 -18 -26 -33 0
 -18 -26 -39 0
 -18 -26 -44 0
 -18 -26 -48 0
 -18 -26 -51 0
 -18 -26 -53 0
 -18 -26 -55 0
 -18 -33 -39 0
 -18 -33 -44 0
 -18 -33 -48 0
 -18 -33 -51 0
 -18 -33 -53 0
 -18 -33 -55 0
 -18 -39 -44 0
 -18 -39 -48 0
 -18 -39 -51 0
 -18 -39 -53 0
 -18 -39 -55 0
 -18 -44 -48 0
 -18 -44 -51 0
 -18 -44 -53 0
 -18 -44 -55 0
 -18 -48 -51 0
 -18 -48 -53 0
 -18 -48 -55 0
 -18 -51 -53 0
 -18 -51 -55 0
 -18 -53 -55 0
 -26 -33 -39 0
 -26 -33 -44 0
 -26 -33 -48 0
 -26 -33 -51 0
 -26 -33 -53 0
 -26 -33 -55 0
 -26 -39 -44 0
 -26 -39 -48 0
 -26 -39 -51 0
 -26 -39 -53 0
 -26 -39 -55 0
 -26 -44 -48 0
 -26 -44 -51 0
 -26 -44 -53 0
 -26 -44 -55 0
 -26 -48 -51 0
 -26 -48 -53 0
 -26 -48 -55 0
 -26 -51 -53 0
 -26 -51 -55 0
 -26 -53 -55 0
 -33 -39 -44 0
 -33 -39 -48 0
 -33 -39 -51 0
 -33 -39 -53 0
 -33 -39 -55 0
 -33 -44 -48 0
 -33 -44 -51 0
 -33 -44 -53 0
 -33 -44 -55 0
 -33 -48 -51 0
 -33 -48 -53 0
 -33 -48 -55 0
 -33 -51 -53 0
 -33 -51 -55 0
 -33 -53 -55 0
 -39 -44 -48 0
 -39 -44 -51 0
 -39 -44 -53 0
 -39 -44 -55 0
 -39 -48 -51 0
 -39 -48 -53 0
 -39 -48 -55 0
 -39 -51 -53 0
 -39 -51 -55 0
 -39 -53 -55 0
 -44 -48 -51 0
 -44 -48 -53 0
 -44 -48 -55 0
 -44 -51 -53 0
 -44 -51 -55 0
 -44 -53 -55 0
 -48 -51 -53 0
 -48 -51 -55 0
 -48 -53 -55 0
 -51 -53 -55 0
 10 19 27 34 40 45 49 52 54 55 0
 -10 -19 -27 0
 -10 -19 -34 0
 -10 -19 -40 0
 -10 -19 -45 0
 -10 -19 -49 0
 -10 -19 -52 0
 -10 -19 -54 0
 -10 -19 -55 0
 -10 -27 -34 0
 -10 -27 -40 0
 -10 -27 -45 0
 -10 -27 -49 0
 -10 -27 -52 0
 -10 -27 -54 0
 -10 -27 -55 0
 -10 -34 -40 0
 -10 -34 -45 0
 -10 -34 -49 0
 -10 -34 -52 0
 -10 -34 -54 0
 -10 -34 -55 0
 -10 -40 -45 0
 -10 -40 -49 0
 -10 -40 -52 0
 -10 -40 -54 0
 -10 -40 -55 0
 -10 -45 -49 0
 -10 -45 -52 0
 -10 -45 -54 0
 -10 -45 -55 0
 -10 -49 -52 0
 -10 -49 -54 0
 -10 -49 -55 0
 -10 -52 -54 0
 -10 -52 -55 0
 -10 -54 -55 0
 -19 -27 -34 0
 -19 -27 -40 0
 -19 -27 -45 0
 -19 -27 -49 0
 -19 -27 -52 0
 -19 -27 -54 0
 -19 -27 -55 0
 -19 -34 -40 0
 -19 -34 -45 0
 -19 -34 -49 0
 -19 -34 -52 0
 -19 -34 -54 0
 -19 -34 -55 0
 -19 -40 -45 0
 -19 -40 -49 0
 -19 -40 -52 0
 -19 -40 -54 0
 -19 -40 -55 0
 -19 -45 -49 0
 -19 -45 -52 0
 -19 -45 -54 0
 -19 -45 -55 0
 -19 -49 -52 0
 -19 -49 -54 0
 -19 -49 -55 0
 -19 -52 -54 0
 -19 -52 -55 0
 -19 -54 -55 0
 -27 -34 -40 0
 -27 -34 -45 0
 -27 -34 -49 0
 -27 -34 -52 0
 -27 -34 -54 0
 -27 -34 -55 0
 -27 -40 -45 0
 -27 -40 -49 0
 -27 -40 -52 0
 -27 -40 -54 0
 -27 -40 -55 0
 -27 -45 -49 0
 -27 -45 -52 0
 -27 -45 -54 0
 -27 -45 -55 0
 -27 -49 -52 0
 -27 -49 -54 0
 -27 -49 -55 0
 -27 -52 -54 0
 -27 -52 -55 0
 -27 -54 -55 0
 -34 -40 -45 0
 -34 -40 -49 0
 -34 -40 -52 0
 -34 -40 -54 0
 -34 -40 -55 0
 -34 -45 -49 0
 -34 -45 -52 0
 -34 -45 -54 0
 -34 -45 -55 0
 -34 -49 -52 0
 -34 -49 -54 0
 -34 -49 -55 0
 -34 -52 -54 0
 -34 -52 -55 0
 -34 -54 -55 0
 -40 -45 -49 0
 -40 -45 -52 0
 -40 -45 -54 0
 -40 -45 -55 0
 -40 -49 -52 0
 -40 -49 -54 0
 -40 -49 -55 0
 -40 -52 -54 0
 -40 -52 -55 0
 -40 -54 -55 0
 -45 -49 -52 0
 -45 -49 -54 0
 -45 -49 -55 0
 -45 -52 -54 0
 -45 -52 -55 0
 -45 -54 -55 0
 -49 -52 -54 0
 -49 -52 -55 0
 -49 -54 -55 0
 -52 -54 -55 0
 1 11 20 28 35 41 46 50 53 55 0
 -1 -11 0
 -1 -20 0
 -1 -28 0
 -1 -35 0
 -1 -41 0
 -1 -46 0
 -1 -50 0
 -1 -53 0
 -1 -55 0
 -11 -20 0
 -11 -28 0
 -11 -35 0
 -11 -41 0
 -11 -46 0
 -11 -50 0
 -11 -53 0
 -11 -55 0
 -20 -28 0
 -20 -35 0
 -20 -41 0
 -20 -46 0
 -20 -50 0
 -20 -53 0
 -20 -55 0
 -28 -35 0
 -28 -41 0
 -28 -46 0
 -28 -50 0
 -28 -53 0
 -28 -55 0
 -35 -41 0
 -35 -46 0
 -35 -50 0
 -35 -53 0
 -35 -55 0
 -41 -46 0
 -41 -50 0
 -41 -53 0
 -41 -55 0
 -46 -50 0
 -46 -53 0
 -46 -55 0
 -50 -53 0
 -50 -55 0
 -53 -55 0
 2 12 21 29 36 42 47 51 54 0
 -2 -12 0
 -2 -21 0
 -2 -29 0
 -2 -36 0
 -2 -42 0
 -2 -47 0
 -2 -51 0
 -2 -54 0
 -12 -21 0
 -12 -29 0
 -12 -36 0
 -12 -42 0
 -12 -47 0
 -12 -51 0
 -12 -54 0
 -21 -29 0
 -21 -36 0
 -21 -42 0
 -21 -47 0
 -21 -51 0
 -21 -54 0
 -29 -36 0
 -29 -42 0
 -29 -47 0
 -29 -51 0
 -29 -54 0
 -36 -42 0
 -36 -47 0
 -36 -51 0
 -36 -54 0
 -42 -47 0
 -42 -51 0
 -42 -54 0
 -47 -51 0
 -47 -54 0
 -51 -54 0
 3 13 22 30 37 43 48 52 0
 -3 -13 0
 -3 -22 0
 -3 -30 0
 -3 -37 0
 -3 -43 0
 -3 -48 0
 -3 -52 0
 -13 -22 0
 -13 -30 0
 -13 -37 0
 -13 -43 0
 -13 -48 0
 -13 -52 0
 -22 -30 0
 -22 -37 0
 -22 -43 0
 -22 -48 0
 -22 -52 0
 -30 -37 0
 -30 -43 0
 -30 -48 0
 -30 -52 0
 -37 -43 0
 -37 -48 0
 -37 -52 0
 -43 -48 0
 -43 -52 0
 -48 -52 0
 4 14 23 31 38 44 49 0
 -4 -14 0
 -4 -23 0
 -4 -31 0
 -4 -38 0
 -4 -44 0
 -4 -49 0
 -14 -23 0
 -14 -31 0
 -14 -38 0
 -14 -44 0
 -14 -49 0
 -23 -31 0
 -23 -38 0
 -23 -44 0
 -23 -49 0
 -31 -38 0
 -31 -44 0
 -31 -49 0
 -38 -44 0
 -38 -49 0
 -44 -49 0
 5 15 24 32 39 45 0
 -5 -15 0
 -5 -24 0
 -5 -32 0
 -5 -39 0
 -5 -45 0
 -15 -24 0
 -15 -32 0
 -15 -39 0
 -15 -45 0
 -24 -32 0
 -24 -39 0
 -24 -45 0
 -32 -39 0
 -32 -45 0
 -39 -45 0
 6 16 25 33 40 0
 -6 -16 0
 -6 -25 0
 -6 -33 0
 -6 -40 0
 -16 -25 0
 -16 -33 0
 -16 -40 0
 -25 -33 0
 -25 -40 0
 -33 -40 0
 7 17 26 34 0
 -7 -17 0
 -7 -26 0
 -7 -34 0
 -17 -26 0
 -17 -34 0
 -26 -34 0
 8 18 27 0
 -8 -18 0
 -8 -27 0
 -18 -27 0
 9 19 0
 -9 -19 0
 10 0
-56 1 0
-67 2 0
-78 3 0
-89 4 0
-100 5 0
-111 6 0
-122 7 0
-133 8 0
-144 9 0
-155 10 0
-166 11 0
-177 12 0
-188 13 0
-199 14 0
-210 15 0
-221 16 0
-232 17 0
-243 18 0
-254 19 0
-265 20 0
-276 21 0
-287 22 0
-298 23 0
-309 24 0
-320 25 0
-331 26 0
-342 27 0
-353 28 0
-364 29 0
-375 30 0
-386 31 0
-397 32 0
-408 33 0
-419 34 0
-430 35 0
-441 36 0
-452 37 0
-463 38 0
-474 39 0
-485 40 0
-496 41 0
-507 42 0
-518 43 0
-529 44 0
-540 45 0
-551 46 0
-562 47 0
-573 48 0
-584 49 0
-595 50 0
-606 51 0
-617 52 0
-628 53 0
-639 54 0
-650 55 0
 56 67 78 89 100 111 122 133 144 155 0
 56 67 78 89 100 111 122 133 144 155 0
 -56 -67 0
 -56 -78 0
 -56 -89 0
 -56 -100 0
 -56 -111 0
 -56 -122 0
 -56 -133 0
 -56 -144 0
 -56 -155 0
 -67 -78 0
 -67 -89 0
 -67 -100 0
 -67 -111 0
 -67 -122 0
 -67 -133 0
 -67 -144 0
 -67 -155 0
 -78 -89 0
 -78 -100 0
 -78 -111 0
 -78 -122 0
 -78 -133 0
 -78 -144 0
 -78 -155 0
 -89 -100 0
 -89 -111 0
 -89 -122 0
 -89 -133 0
 -89 -144 0
 -89 -155 0
 -100 -111 0
 -100 -122 0
 -100 -133 0
 -100 -144 0
 -100 -155 0
 -111 -122 0
 -111 -133 0
 -111 -144 0
 -111 -155 0
 -122 -133 0
 -122 -144 0
 -122 -155 0
 -133 -144 0
 -133 -155 0
 -144 -155 0
-56 166 177 188 199 210 221 232 243 254 0
-166 56 177 188 199 210 221 232 243 254 0
-177 56 166 188 199 210 221 232 243 254 0
-188 56 166 177 199 210 221 232 243 254 0
-199 56 166 177 188 210 221 232 243 254 0
-210 56 166 177 188 199 221 232 243 254 0
-221 56 166 177 188 199 210 232 243 254 0
-232 56 166 177 188 199 210 221 243 254 0
-243 56 166 177 188 199 210 221 232 254 0
-254 56 166 177 188 199 210 221 232 243 0
-67 166 265 276 287 298 309 320 331 342 0
-166 67 265 276 287 298 309 320 331 342 0
-265 67 166 276 287 298 309 320 331 342 0
-276 67 166 265 287 298 309 320 331 342 0
-287 67 166 265 276 298 309 320 331 342 0
-298 67 166 265 276 287 309 320 331 342 0
-309 67 166 265 276 287 298 320 331 342 0
-320 67 166 265 276 287 298 309 331 342 0
-331 67 166 265 276 287 298 309 320 342 0
-342 67 166 265 276 287 298 309 320 331 0
-78 177 265 353 364 375 386 397 408 419 0
-177 78 265 353 364 375 386 397 408 419 0
-265 78 177 353 364 375 386 397 408 419 0
-353 78 177 265 364 375 386 397 408 419 0
-364 78 177 265 353 375 386 397 408 419 0
-375 78 177 265 353 364 386 397 408 419 0
-386 78 177 265 353 364 375 397 408 419 0
-397 78 177 265 353 364 375 386 408 419 0
-408 78 177 265 353 364 375 386 397 419 0
-419 78 177 265 353 364 375 386 397 408 0
-89 188 276 353 430 441 452 463 474 485 0
-188 89 276 353 430 441 452 463 474 485 0
-276 89 188 353 430 441 452 463 474 485 0
-353 89 188 276 430 441 452 463 474 485 0
-430 89 188 276 353 441 452 463 474 485 0
-441 89 188 276 353 430 452 463 474 485 0
-452 89 188 276 353 430 441 463 474 485 0
-463 89 188 276 353 430 441 452 474 485 0
-474 89 188 276 353 430 441 452 463 485 0
-485 89 188 276 353 430 441 452 463 474 0
-100 199 287 364 430 496 507 518 529 540 0
-199 100 287 364 430 496 507 518 529 540 0
-287 100 199 364 430 496 507 518 529 540 0
-364 100 199 287 430 496 507 518 529 540 0
-430 100 199 287 364 496 507 518 529 540 0
-496 100 199 287 364 430 507 518 529 540 0
-507 100 199 287 364 430 496 518 529 540 0
-518 100 199 287 364 430 496 507 529 540 0
-529 100 199 287 364 430 496 507 518 540 0
-540 100 199 287 364 430 496 507 518 529 0
-111 210 298 375 441 496 551 562 573 584 0
-210 111 298 375 441 496 551 562 573 584 0
-298 111 210 375 441 496 551 562 573 584 0
-375 111 210 298 441 496 551 562 573 584 0
-441 111 210 298 375 496 551 562 573 584 0
-496 111 210 298 375 441 551 562 573 584 0
-551 111 210 298 375 441 496 562 573 584 0
-562 111 210 298 375 441 496 551 573 584 0
-573 111 210 298 375 441 496 551 562 584 0
-584 111 210 298 375 441 496 551 562 573 0
-122 221 309 386 452 507 551 595 606 617 0
-221 122 309 386 452 507 551 595 606 617 0
-309 122 221 386 452 507 551 595 606 617 0
-386 122 221 309 452 507 551 595 606 617 0
-452 122 221 309 386 507 551 595 606 617 0
-507 122 221 309 386 452 551 595 606 617 0
-551 122 221 309 386 452 507 595 606 617 0
-595 122 221 309 386 452 507 551 606 617 0
-606 122 221 309 386 452 507 551 595 617 0
-617 122 221 309 386 452 507 551 595 606 0
-133 232 320 397 463 518 562 595 628 639 0
-232 133 320 397 463 518 562 595 628 639 0
-320 133 232 397 463 518 562 595 628 639 0
-397 133 232 320 463 518 562 595 628 639 0
-463 133 232 320 397 518 562 595 628 639 0
-518 133 232 320 397 463 562 595 628 639 0
-562 133 232 320 397 463 518 595 628 639 0
-595 133 232 320 397 463 518 562 628 639 0
-628 133 232 320 397 463 518 562 595 639 0
-639 133 232 320 397 463 518 562 595 628 0
-144 243 331 408 474 529 573 606 628 650 0
-243 144 331 408 474 529 573 606 628 650 0
-331 144 243 408 474 529 573 606 628 650 0
-408 144 243 331 474 529 573 606 628 650 0
-474 144 243 331 408 529 573 606 628 650 0
-529 144 243 331 408 474 573 606 628 650 0
-573 144 243 331 408 474 529 606 628 650 0
-606 144 243 331 408 474 529 573 628 650 0
-628 144 243 331 408 474 529 573 606 650 0
-650 144 243 331 408 474 529 573 606 628 0
-155 254 342 419 485 540 584 617 639 650 0
-254 155 342 419 485 540 584 617 639 650 0
-342 155 254 419 485 540 584 617 639 650 0
-419 155 254 342 485 540 584 617 639 650 0
-485 155 254 342 419 540 584 617 639 650 0
-540 155 254 342 419 485 584 617 639 650 0
-584 155 254 342 419 485 540 617 639 650 0
-617 155 254 342 419 485 540 584 639 650 0
-639 155 254 342 419 485 540 584 617 650 0
-650 155 254 342 419 485 540 584 617 639 0
-57 1 0
-68 2 0
-79 3 0
-90 4 0
-101 5 0
-112 6 0
-123 7 0
-134 8 0
-145 9 0
-156 10 0
-167 11 0
-178 12 0
-189 13 0
-200 14 0
-211 15 0
-222 16 0
-233 17 0
-244 18 0
-255 19 0
-266 20 0
-277 21 0
-288 22 0
-299 23 0
-310 24 0
-321 25 0
-332 26 0
-343 27 0
-354 28 0
-365 29 0
-376 30 0
-387 31 0
-398 32 0
-409 33 0
-420 34 0
-431 35 0
-442 36 0
-453 37 0
-464 38 0
-475 39 0
-486 40 0
-497 41 0
-508 42 0
-519 43 0
-530 44 0
-541 45 0
-552 46 0
-563 47 0
-574 48 0
-585 49 0
-596 50 0
-607 51 0
-618 52 0
-629 53 0
-640 54 0
-651 55 0
 57 68 79 90 101 112 123 134 145 156 0
 57 167 178 189 200 211 222 233 244 255 0
 -57 -167 0
 -57 -178 0
 -57 -189 0
 -57 -200 0
 -57 -211 0
 -57 -222 0
 -57 -233 0
 -57 -244 0
 -57 -255 0
 -167 -178 0
 -167 -189 0
 -167 -200 0
 -167 -211 0
 -167 -222 0
 -167 -233 0
 -167 -244 0
 -167 -255 0
 -178 -189 0
 -178 -200 0
 -178 -211 0
 -178 -222 0
 -178 -233 0
 -178 -244 0
 -178 -255 0
 -189 -200 0
 -189 -211 0
 -189 -222 0
 -189 -233 0
 -189 -244 0
 -189 -255 0
 -200 -211 0
 -200 -222 0
 -200 -233 0
 -200 -244 0
 -200 -255 0
 -211 -222 0
 -211 -233 0
 -211 -244 0
 -211 -255 0
 -222 -233 0
 -222 -244 0
 -222 -255 0
 -233 -244 0
 -233 -255 0
 -244 -255 0
-68 167 266 277 288 299 310 321 332 343 0
-167 68 266 277 288 299 310 321 332 343 0
-266 68 167 277 288 299 310 321 332 343 0
-277 68 167 266 288 299 310 321 332 343 0
-288 68 167 266 277 299 310 321 332 343 0
-299 68 167 266 277 288 310 321 332 343 0
-310 68 167 266 277 288 299 321 332 343 0
-321 68 167 266 277 288 299 310 332 343 0
-332 68 167 266 277 288 299 310 321 343 0
-343 68 167 266 277 288 299 310 321 332 0
-79 178 266 354 365 376 387 398 409 420 0
-178 79 266 354 365 376 387 398 409 420 0
-266 79 178 354 365 376 387 398 409 420 0
-354 79 178 266 365 376 387 398 409 420 0
-365 79 178 266 354 376 387 398 409 420 0
-376 79 178 266 354 365 387 398 409 420 0
-387 79 178 266 354 365 376 398 409 420 0
-398 79 178 266 354 365 376 387 409 420 0
-409 79 178 266 354 365 376 387 398 420 0
-420 79 178 266 354 365 376 387 398 409 0
-90 189 277 354 431 442 453 464 475 486 0
-189 90 277 354 431 442 453 464 475 486 0
-277 90 189 354 431 442 453 464 475 486 0
-354 90 189 277 431 442 453 464 475 486 0
-431 90 189 277 354 442 453 464 475 486 0
-442 90 189 277 354 431 453 464 475 486 0
-453 90 189 277 354 431 442 464 475 486 0
-464 90 189 277 354 431 442 453 475 486 0
-475 90 189 277 354 431 442 453 464 486 0
-486 90 189 277 354 431 442 453 464 475 0
-101 200 288 365 431 497 508 519 530 541 0
-200 101 288 365 431 497 508 519 530 541 0
-288 101 200 365 431 497 508 519 530 541 0
-365 101 200 288 431 497 508 519 530 541 0
-431 101 200 288 365 497 508 519 530 541 0
-497 101 200 288 365 431 508 519 530 541 0
-508 101 200 288 365 431 497 519 530 541 0
-519 101 200 288 365 431 497 508 530 541 0
-530 101 200 288 365 431 497 508 519 541 0
-541 101 200 288 365 431 497 508 519 530 0
-112 211 299 376 442 497 552 563 574 585 0
-211 112 299 376 442 497 552 563 574 585 0
-299 112 211 376 442 497 552 563 574 585 0
-376 112 211 299 442 497 552 563 574 585 0
-442 112 211 299 376 497 552 563 574 585 0
-497 112 211 299 376 442 552 563 574 585 0
-552 112 211 299 376 442 497 563 574 585 0
-563 112 211 299 376 442 497 552 574 585 0
-574 112 211 299 376 442 497 552 563 585 0
-585 112 211 299 376 442 497 552 563 574 0
-123 222 310 387 453 508 552 596 607 618 0
-222 123 310 387 453 508 552 596 607 618 0
-310 123 222 387 453 508 552 596 607 618 0
-387 123 222 310 453 508 552 596 607 618 0
-453 123 222 310 387 508 552 596 607 618 0
-508 123 222 310 387 453 552 596 607 618 0
-552 123 222 310 387 453 508 596 607 618 0
-596 123 222 310 387 453 508 552 607 618 0
-607 123 222 310 387 453 508 552 596 618 0
-618 123 222 310 387 453 508 552 596 607 0
-134 233 321 398 464 519 563 596 629 640 0
-233 134 321 398 464 519 563 596 629 640 0
-321 134 233 398 464 519 563 596 629 640 0
-398 134 233 321 464 519 563 596 629 640 0
-464 134 233 321 398 519 563 596 629 640 0
-519 134 233 321 398 464 563 596 629 640 0
-563 134 233 321 398 464 519 596 629 640 0
-596 134 233 321 398 464 519 563 629 640 0
-629 134 233 321 398 464 519 563 596 640 0
-640 134 233 321 398 464 519 563 596 629 0
-145 244 332 409 475 530 574 607 629 651 0
-244 145 332 409 475 530 574 607 629 651 0
-332 145 244 409 475 530 574 607 629 651 0
-409 145 244 332 475 530 574 607 629 651 0
-475 145 244 332 409 530 574 607 629 651 0
-530 145 244 332 409 475 574 607 629 651 0
-574 145 244 332 409 475 530 607 629 651 0
-607 145 244 332 409 475 530 574 629 651 0
-629 145 244 332 409 475 530 574 607 651 0
-651 145 244 332 409 475 530 574 607 629 0
-156 255 343 420 486 541 585 618 640 651 0
-255 156 343 420 486 541 585 618 640 651 0
-343 156 255 420 486 541 585 618 640 651 0
-420 156 255 343 486 541 585 618 640 651 0
-486 156 255 343 420 541 585 618 640 651 0
-541 156 255 343 420 486 585 618 640 651 0
-585 156 255 343 420 486 541 618 640 651 0
-618 156 255 343 420 486 541 585 640 651 0
-640 156 255 343 420 486 541 585 618 651 0
-651 156 255 343 420 486 541 585 618 640 0
-58 1 0
-69 2 0
-80 3 0
-91 4 0
-102 5 0
-113 6 0
-124 7 0
-135 8 0
-146 9 0
-157 10 0
-168 11 0
-179 12 0
-190 13 0
-201 14 0
-212 15 0
-223 16 0
-234 17 0
-245 18 0
-256 19 0
-267 20 0
-278 21 0
-289 22 0
-300 23 0
-311 24 0
-322 25 0
-333 26 0
-344 27 0
-355 28 0
-366 29 0
-377 30 0
-388 31 0
-399 32 0
-410 33 0
-421 34 0
-432 35 0
-443 36 0
-454 37 0
-465 38 0
-476 39 0
-487 40 0
-498 41 0
-509 42 0
-520 43 0
-531 44 0
-542 45 0
-553 46 0
-564 47 0
-575 48 0
-586 49 0
-597 50 0
-608 51 0
-619 52 0
-630 53 0
-641 54 0
-652 55 0
 58 69 80 91 102 113 124 135 146 157 0
 69 168 267 278 289 300 311 322 333 344 0
 -69 -168 0
 -69 -267 0
 -69 -278 0
 -69 -289 0
 -69 -300 0
 -69 -311 0
 -69 -322 0
 -69 -333 0
 -69 -344 0
 -168 -267 0
 -168 -278 0
 -168 -289 0
 -168 -300 0
 -168 -311 0
 -168 -322 0
 -168 -333 0
 -168 -344 0
 -267 -278 0
 -267 -289 0
 -267 -300 0
 -267 -311 0
 -267 -322 0
 -267 -333 0
 -267 -344 0
 -278 -289 0
 -278 -300 0
 -278 -311 0
 -278 -322 0
 -278 -333 0
 -278 -344 0
 -289 -300 0
 -289 -311 0
 -289 -322 0
 -289 -333 0
 -289 -344 0
 -300 -311 0
 -300 -322 0
 -300 -333 0
 -300 -344 0
 -311 -322 0
 -311 -333 0
 -311 -344 0
 -322 -333 0
 -322 -344 0
 -333 -344 0
-58 168 179 190 201 212 223 234 245 256 0
-168 58 179 190 201 212 223 234 245 256 0
-179 58 168 190 201 212 223 234 245 256 0
-190 58 168 179 201 212 223 234 245 256 0
-201 58 168 179 190 212 223 234 245 256 0
-212 58 168 179 190 201 223 234 245 256 0
-223 58 168 179 190 201 212 234 245 256 0
-234 58 168 179 190 201 212 223 245 256 0
-245 58 168 179 190 201 212 223 234 256 0
-256 58 168 179 190 201 212 223 234 245 0
-80 179 267 355 366 377 388 399 410 421 0
-179 80 267 355 366 377 388 399 410 421 0
-267 80 179 355 366 377 388 399 410 421 0
-355 80 179 267 366 377 388 399 410 421 0
-366 80 179 267 355 377 388 399 410 421 0
-377 80 179 267 355 366 388 399 410 421 0
-388 80 179 267 355 366 377 399 410 421 0
-399 80 179 267 355 366 377 388 410 421 0
-410 80 179 267 355 366 377 388 399 421 0
-421 80 179 267 355 366 377 388 399 410 0
-91 190 278 355 432 443 454 465 476 487 0
-190 91 278 355 432 443 454 465 476 487 0
-278 91 190 355 432 443 454 465 476 487 0
-355 91 190 278 432 443 454 465 476 487 0
-432 91 190 278 355 443 454 465 476 487 0
-443 91 190 278 355 432 454 465 476 487 0
-454 91 190 278 355 432 443 465 476 487 0
-465 91 190 278 355 432 443 454 476 487 0
-476 91 190 278 355 432 443 454 465 487 0
-487 91 190 278 355 432 443 454 465 476 0
-102 201 289 366 432 498 509 520 531 542 0
-201 102 289 366 432 498 509 520 531 542 0
-289 102 201 366 432 498 509 520 531 542 0
-366 102 201 289 432 498 509 520 531 542 0
-432 102 201 289 366 498 509 520 531 542 0
-498 102 201 289 366 432 509 520 531 542 0
-509 102 201 289 366 432 498 520 531 542 0
-520 102 201 289 366 432 498 509 531 542 0
-531 102 201 289 366 432 498 509 520 542 0
-542 102 201 289 366 432 498 509 520 531 0
-113 212 300 377 443 498 553 564 575 586 0
-212 113 300 377 443 498 553 564 575 586 0
-300 113 212 377 443 498 553 564 575 586 0
-377 113 212 300 443 498 553 564 575 586 0
-443 113 212 300 377 498 553 564 575 586 0
-498 113 212 300 377 443 553 564 575 586 0
-553 113 212 300 377 443 498 564 575 586 0
-564 113 212 300 377 443 498 553 575 586 0
-575 113 212 300 377 443 498 553 564 586 0
-586 113 212 300 377 443 498 553 564 575 0
-124 223 311 388 454 509 553 597 608 619 0
-223 124 311 388 454 509 553 597 608 619 0
-311 124 223 388 454 509 553 597 608 619 0
-388 124 223 311 454 509 553 597 608 619 0
-454 124 223 311 388 509 553 597 608 619 0
-509 124 223 311 388 454 553 597 608 619 0
-553 124 223 311 388 454 509 597 608 619 0
-597 124 223 311 388 454 509 553 608 619 0
-608 124 223 311 388 454 509 553 597 619 0
-619 124 223 311 388 454 509 553 597 608 0
-135 234 322 399 465 520 564 597 630 641 0
-234 135 322 399 465 520 564 597 630 641 0
-322 135 234 399 465 520 564 597 630 641 0
-399 135 234 322 465 520 564 597 630 641 0
-465 135 234 322 399 520 564 597 630 641 0
-520 135 234 322 399 465 564 597 630 641 0
-564 135 234 322 399 465 520 597 630 641 0
-597 135 234 322 399 465 520 564 630 641 0
-630 135 234 322 399 465 520 564 597 641 0
-641 135 234 322 399 465 520 564 597 630 0
-146 245 333 410 476 531 575 608 630 652 0
-245 146 333 410 476 531 575 608 630 652 0
-333 146 245 410 476 531 575 608 630 652 0
-410 146 245 333 476 531 575 608 630 652 0
-476 146 245 333 410 531 575 608 630 652 0
-531 146 245 333 410 476 575 608 630 652 0
-575 146 245 333 410 476 531 608 630 652 0
-608 146 245 333 410 476 531 575 630 652 0
-630 146 245 333 410 476 531 575 608 652 0
-652 146 245 333 410 476 531 575 608 630 0
-157 256 344 421 487 542 586 619 641 652 0
-256 157 344 421 487 542 586 619 641 652 0
-344 157 256 421 487 542 586 619 641 652 0
-421 157 256 344 487 542 586 619 641 652 0
-487 157 256 344 421 542 586 619 641 652 0
-542 157 256 344 421 487 586 619 641 652 0
-586 157 256 344 421 487 542 619 641 652 0
-619 157 256 344 421 487 542 586 641 652 0
-641 157 256 344 421 487 542 586 619 652 0
-652 157 256 344 421 487 542 586 619 641 0
-59 1 0
-70 2 0
-81 3 0
-92 4 0
-103 5 0
-114 6 0
-125 7 0
-136 8 0
-147 9 0
-158 10 0
-169 11 0
-180 12 0
-191 13 0
-202 14 0
-213 15 0
-224 16 0
-235 17 0
-246 18 0
-257 19 0
-268 20 0
-279 21 0
-290 22 0
-301 23 0
-312 24 0
-323 25 0
-334 26 0
-345 27 0
-356 28 0
-367 29 0
-378 30 0
-389 31 0
-400 32 0
-411 33 0
-422 34 0
-433 35 0
-444 36 0
-455 37 0
-466 38 0
-477 39 0
-488 40 0
-499 41 0
-510 42 0
-521 43 0
-532 44 0
-543 45 0
-554 46 0
-565 47 0
-576 48 0
-587 49 0
-598 50 0
-609 51 0
-620 52 0
-631 53 0
-642 54 0
-653 55 0
 59 70 81 92 103 114 125 136 147 158 0
 81 180 268 356 367 378 389 400 411 422 0
 -81 -180 0
 -81 -268 0
 -81 -356 0
 -81 -367 0
 -81 -378 0
 -81 -389 0
 -81 -400 0
 -81 -411 0
 -81 -422 0
 -180 -268 0
 -180 -356 0
 -180 -367 0
 -180 -378 0
 -180 -389 0
 -180 -400 0
 -180 -411 0
 -180 -422 0
 -268 -356 0
 -268 -367 0
 -268 -378 0
 -268 -389 0
 -268 -400 0
 -268 -411 0
 -268 -422 0
 -356 -367 0
 -356 -378 0
 -356 -389 0
 -356 -400 0
 -356 -411 0
 -356 -422 0
 -367 -378 0
 -367 -389 0
 -367 -400 0
 -367 -411 0
 -367 -422 0
 -378 -389 0
 -378 -400 0
 -378 -411 0
 -378 -422 0
 -389 -400 0
 -389 -411 0
 -389 -422 0
 -400 -411 0
 -400 -422 0
 -411 -422 0
-59 169 180 191 202 213 224 235 246 257 0
-169 59 180 191 202 213 224 235 246 257 0
-180 59 169 191 202 213 224 235 246 257 0
-191 59 169 180 202 213 224 235 246 257 0
-202 59 169 180 191 213 224 235 246 257 0
-213 59 169 180 191 202 224 235 246 257 0
-224 59 169 180 191 202 213 235 246 257 0
-235 59 169 180 191 202 213 224 246 257 0
-246 59 169 180 191 202 213 224 235 257 0
-257 59 169 180 191 202 213 224 235 246 0
-70 169 268 279 290 301 312 323 334 345 0
-169 70 268 279 290 301 312 323 334 345 0
-268 70 169 279 290 301 312 323 334 345 0
-279 70 169 268 290 301 312 323 334 345 0
-290 70 169 268 279 301 312 323 334 345 0
-301 70 169 268 279 290 312 323 334 345 0
-312 70 169 268 279 290 301 323 334 345 0
-323 70 169 268 279 290 301 312 334 345 0
-334 70 169 268 279 290 301 312 323 345 0
-345 70 169 268 279 290 301 312 323 334 0
-92 191 279 356 433 444 455 466 477 488 0
-191 92 279 356 433 444 455 466 477 488 0
-279 92 191 356 433 444 455 466 477 488 0
-356 92 191 279 433 444 455 466 477 488 0
-433 92 191 279 356 444 455 466 477 488 0
-444 92 191 279 356 433 455 466 477 488 0
-455 92 191 279 356 433 444 466 477 488 0
-466 92 191 279 356 433 444 455 477 488 0
-477 92 191 279 356 433 444 455 466 488 0
-488 92 191 279 356 433 444 455 466 477 0
-103 202 290 367 433 499 510 521 532 543 0
-202 103 290 367 433 499 510 521 532 543 0
-290 103 202 367 433 499 510 521 532 543 0
-367 103 202 290 433 499 510 521 532 543 0
-433 103 202 290 367 499 510 521 532 543 0
-499 103 202 290 367 433 510 521 532 543 0
-510 103 202 290 367 433 499 521 532 543 0
-521 103 202 290 367 433 499 510 532 543 0
-532 103 202 290 367 433 499 510 521 543 0
-543 103 202 290 367 433 499 510 521 532 0
-114 213 301 378 444 499 554 565 576 587 0
-213 114 301 378 444 499 554 565 576 587 0
-301 114 213 378 444 499 554 565 576 587 0
-378 114 213 301 444 499 554 565 576 587 0
-444 114 213 301 378 499 554 565 576 587 0
-499 114 213 301 378 444 554 565 576 587 0
-554 114 213 301 378 444 499 565 576 587 0
-565 114 213 301 378 444 499 554 576 587 0
-576 114 213 301 378 444 499 554 565 587 0
-587 114 213 301 378 444 499 554 565 576 0
-125 224 312 389 455 510 554 598 609 620 0
-224 125 312 389 455 510 554 598 609 620 0
-312 125 224 389 455 510 554 598 609 620 0
-389 125 224 312 455 510 554 598 609 620 0
-455 125 224 312 389 510 554 598 609 620 0
-510 125 224 312 389 455 554 598 609 620 0
-554 125 224 312 389 455 510 598 609 620 0
-598 125 224 312 389 455 510 554 609 620 0
-609 125 224 312 389 455 510 554 598 620 0
-620 125 224 312 389 455 510 554 598 609 0
-136 235 323 400 466 521 565 598 631 642 0
-235 136 323 400 466 521 565 598 631 642 0
-323 136 235 400 466 521 565 598 631 642 0
-400 136 235 323 466 521 565 598 631 642 0
-466 136 235 323 400 521 565 598 631 642 0
-521 136 235 323 400 466 565 598 631 642 0
-565 136 235 323 400 466 521 598 631 642 0
-598 136 235 323 400 466 521 565 631 642 0
-631 136 235 323 400 466 521 565 598 642 0
-642 136 235 323 400 466 521 565 598 631 0
-147 246 334 411 477 532 576 609 631 653 0
-246 147 334 411 477 532 576 609 631 653 0
-334 147 246 411 477 532 576 609 631 653 0
-411 147 246 334 477 532 576 609 631 653 0
-477 147 246 334 411 532 576 609 631 653 0
-532 147 246 334 411 477 576 609 631 653 0
-576 147 246 334 411 477 532 609 631 653 0
-609 147 246 334 411 477 532 576 631 653 0
-631 147 246 334 411 477 532 576 609 653 0
-653 147 246 334 411 477 532 576 609 631 0
-158 257 345 422 488 543 587 620 642 653 0
-257 158 345 422 488 543 587 620 642 653 0
-345 158 257 422 488 543 587 620 642 653 0
-422 158 257 345 488 543 587 620 642 653 0
-488 158 257 345 422 543 587 620 642 653 0
-543 158 257 345 422 488 587 620 642 653 0
-587 158 257 345 422 488 543 620 642 653 0
-620 158 257 345 422 488 543 587 642 653 0
-642 158 257 345 422 488 543 587 620 653 0
-653 158 257 345 422 488 543 587 620 642 0
-60 1 0
-71 2 0
-82 3 0
-93 4 0
-104 5 0
-115 6 0
-126 7 0
-137 8 0
-148 9 0
-159 10 0
-170 11 0
-181 12 0
-192 13 0
-203 14 0
-214 15 0
-225 16 0
-236 17 0
-247 18 0
-258 19 0
-269 20 0
-280 21 0
-291 22 0
-302 23 0
-313 24 0
-324 25 0
-335 26 0
-346 27 0
-357 28 0
-368 29 0
-379 30 0
-390 31 0
-401 32 0
-412 33 0
-423 34 0
-434 35 0
-445 36 0
-456 37 0
-467 38 0
-478 39 0
-489 40 0
-500 41 0
-511 42 0
-522 43 0
-533 44 0
-544 45 0
-555 46 0
-566 47 0
-577 48 0
-588 49 0
-599 50 0
-610 51 0
-621 52 0
-632 53 0
-643 54 0
-654 55 0
 60 71 82 93 104 115 126 137 148 159 0
 93 192 280 357 434 445 456 467 478 489 0
 -93 -192 0
 -93 -280 0
 -93 -357 0
 -93 -434 0
 -93 -445 0
 -93 -456 0
 -93 -467 0
 -93 -478 0
 -93 -489 0
 -192 -280 0
 -192 -357 0
 -192 -434 0
 -192 -445 0
 -192 -456 0
 -192 -467 0
 -192 -478 0
 -192 -489 0
 -280 -357 0
 -280 -434 0
 -280 -445 0
 -280 -456 0
 -280 -467 0
 -280 -478 0
 -280 -489 0
 -357 -434 0
 -357 -445 0
 -357 -456 0
 -357 -467 0
 -357 -478 0
 -357 -489 0
 -434 -445 0
 -434 -456 0
 -434 -467 0
 -434 -478 0
 -434 -489 0
 -445 -456 0
 -445 -467 0
 -445 -478 0
 -445 -489 0
 -456 -467 0
 -456 -478 0
 -456 -489 0
 -467 -478 0
 -467 -489 0
 -478 -489 0
-60 170 181 192 203 214 225 236 247 258 0
-170 60 181 192 203 214 225 236 247 258 0
-181 60 170 192 203 214 225 236 247 258 0
-192 60 170 181 203 214 225 236 247 258 0
-203 60 170 181 192 214 225 236 247 258 0
-214 60 170 181 192 203 225 236 247 258 0
-225 60 170 181 192 203 214 236 247 258 0
-236 60 170 181 192 203 214 225 247 258 0
-247 60 170 181 192 203 214 225 236 258 0
-258 60 170 181 192 203 214 225 236 247 0
-71 170 269 280 291 302 313 324 335 346 0
-170 71 269 280 291 302 313 324 335 346 0
-269 71 170 280 291 302 313 324 335 346 0
-280 71 170 269 291 302 313 324 335 346 0
-291 71 170 269 280 302 313 324 335 346 0
-302 71 170 269 280 291 313 324 335 346 0
-313 71 170 269 280 291 302 324 335 346 0
-324 71 170 269 280 291 302 313 335 346 0
-335 71 170 269 280 291 302 313 324 346 0
-346 71 170 269 280 291 302 313 324 335 0
-82 181 269 357 368 379 390 401 412 423 0
-181 82 269 357 368 379 390 401 412 423 0
-269 82 181 357 368 379 390 401 412 423 0
-357 82 181 269 368 379 390 401 412 423 0
-368 82 181 269 357 379 390 401 412 423 0
-379 82 181 269 357 368 390 401 412 423 0
-390 82 181 269 357 368 379 401 412 423 0
-401 82 181 269 357 368 379 390 412 423 0
-412 82 181 269 357 368 379 390 401 423 0
-423 82 181 269 357 368 379 390 401 412 0
-104 203 291 368 434 500 511 522 533 544 0
-203 104 291 368 434 500 511 522 533 544 0
-291 104 203 368 434 500 511 522 533 544 0
-368 104 203 291 434 500 511 522 533 544 0
-434 104 203 291 368 500 511 522 533 544 0
-500 104 203 291 368 434 511 522 533 544 0
-511 104 203 291 368 434 500 522 533 544 0
-522 104 203 291 368 434 500 511 533 544 0
-533 104 203 291 368 434 500 511 522 544 0
-544 104 203 291 368 434 500 511 522 533 0
-115 214 302 379 445 500 555 566 577 588 0
-214 115 302 379 445 500 555 566 577 588 0
-302 115 214 379 445 500 555 566 577 588 0
-379 115 214 302 445 500 555 566 577 588 0
-445 115 214 302 379 500 555 566 577 588 0
-500 115 214 302 379 445 555 566 577 588 0
-555 115 214 302 379 445 500 566 577 588 0
-566 115 214 302 379 445 500 555 577 588 0
-577 115 214 302 379 445 500 555 566 588 0
-588 115 214 302 379 445 500 555 566 577 0
-126 225 313 390 456 511 555 599 610 621 0
-225 126 313 390 456 511 555 599 610 621 0
-313 126 225 390 456 511 555 599 610 621 0
-390 126 225 313 456 511 555 599 610 621 0
-456 126 225 313 390 511 555 599 610 621 0
-511 126 225 313 390 456 555 599 610 621 0
-555 126 225 313 390 456 511 599 610 621 0
-599 126 225 313 390 456 511 555 610 621 0
-610 126 225 313 390 456 511 555 599 621 0
-621 126 225 313 390 456 511 555 599 610 0
-137 236 324 401 467 522 566 599 632 643 0
-236 137 324 401 467 522 566 599 632 643 0
-324 137 236 401 467 522 566 599 632 643 0
-401 137 236 324 467 522 566 599 632 643 0
-467 137 236 324 401 522 566 599 632 643 0
-522 137 236 324 401 467 566 599 632 643 0
-566 137 236 324 401 467 522 599 632 643 0
-599 137 236 324 401 467 522 566 632 643 0
-632 137 236 324 401 467 522 566 599 643 0
-643 137 236 324 401 467 522 566 599 632 0
-148 247 335 412 478 533 577 610 632 654 0
-247 148 335 412 478 533 577 610 632 654 0
-335 148 247 412 478 533 577 610 632 654 0
-412 148 247 335 478 533 577 610 632 654 0
-478 148 247 335 412 533 577 610 632 654 0
-533 148 247 335 412 478 577 610 632 654 0
-577 148 247 335 412 478 533 610 632 654 0
-610 148 247 335 412 478 533 577 632 654 0
-632 148 247 335 412 478 533 577 610 654 0
-654 148 247 335 412 478 533 577 610 632 0
-159 258 346 423 489 544 588 621 643 654 0
-258 159 346 423 489 544 588 621 643 654 0
-346 159 258 423 489 544 588 621 643 654 0
-423 159 258 346 489 544 588 621 643 654 0
-489 159 258 346 423 544 588 621 643 654 0
-544 159 258 346 423 489 588 621 643 654 0
-588 159 258 346 423 489 544 621 643 654 0
-621 159 258 346 423 489 544 588 643 654 0
-643 159 258 346 423 489 544 588 621 654 0
-654 159 258 346 423 489 544 588 621 643 0
-61 1 0
-72 2 0
-83 3 0
-94 4 0
-105 5 0
-116 6 0
-127 7 0
-138 8 0
-149 9 0
-160 10 0
-171 11 0
-182 12 0
-193 13 0
-204 14 0
-215 15 0
-226 16 0
-237 17 0
-248 18 0
-259 19 0
-270 20 0
-281 21 0
-292 22 0
-303 23 0
-314 24 0
-325 25 0
-336 26 0
-347 27 0
-358 28 0
-369 29 0
-380 30 0
-391 31 0
-402 32 0
-413 33 0
-424 34 0
-435 35 0
-446 36 0
-457 37 0
-468 38 0
-479 39 0
-490 40 0
-501 41 0
-512 42 0
-523 43 0
-534 44 0
-545 45 0
-556 46 0
-567 47 0
-578 48 0
-589 49 0
-600 50 0
-611 51 0
-622 52 0
-633 53 0
-644 54 0
-655 55 0
 61 72 83 94 105 116 127 138 149 160 0
 105 204 292 369 435 501 512 523 534 545 0
 -105 -204 0
 -105 -292 0
 -105 -369 0
 -105 -435 0
 -105 -501 0
 -105 -512 0
 -105 -523 0
 -105 -534 0
 -105 -545 0
 -204 -292 0
 -204 -369 0
 -204 -435 0
 -204 -501 0
 -204 -512 0
 -204 -523 0
 -204 -534 0
 -204 -545 0
 -292 -369 0
 -292 -435 0
 -292 -501 0
 -292 -512 0
 -292 -523 0
 -292 -534 0
 -292 -545 0
 -369 -435 0
 -369 -501 0
 -369 -512 0
 -369 -523 0
 -369 -534 0
 -369 -545 0
 -435 -501 0
 -435 -512 0
 -435 -523 0
 -435 -534 0
 -435 -545 0
 -501 -512 0
 -501 -523 0
 -501 -534 0
 -501 -545 0
 -512 -523 0
 -512 -534 0
 -512 -545 0
 -523 -534 0
 -523 -545 0
 -534 -545 0
-61 171 182 193 204 215 226 237 248 259 0
-171 61 182 193 204 215 226 237 248 259 0
-182 61 171 193 204 215 226 237 248 259 0
-193 61 171 182 204 215 226 237 248 259 0
-204 61 171 182 193 215 226 237 248 259 0
-215 61 171 182 193 204 226 237 248 259 0
-226 61 171 182 193 204 215 237 248 259 0
-237 61 171 182 193 204 215 226 248 259 0
-248 61 171 182 193 204 215 226 237 259 0
-259 61 171 182 193 204 215 226 237 248 0
-72 171 270 281 292 303 314 325 336 347 0
-171 72 270 281 292 303 314 325 336 347 0
-270 72 171 281 292 303 314 325 336 347 0
-281 72 171 270 292 303 314 325 336 347 0
-292 72 171 270 281 303 314 325 336 347 0
-303 72 171 270 281 292 314 325 336 347 0
-314 72 171 270 281 292 303 325 336 347 0
-325 72 171 270 281 292 303 314 336 347 0
-336 72 171 270 281 292 303 314 325 347 0
-347 72 171 270 281 292 303 314 325 336 0
-83 182 270 358 369 380 391 402 413 424 0
-182 83 270 358 369 380 391 402 413 424 0
-270 83 182 358 369 380 391 402 413 424 0
-358 83 182 270 369 380 391 402 413 424 0
-369 83 182 270 358 380 391 402 413 424 0
-380 83 182 270 358 369 391 402 413 424 0
-391 83 182 270 358 369 380 402 413 424 0
-402 83 182 270 358 369 380 391 413 424 0
-413 83 182 270 358 369 380 391 402 424 0
-424 83 182 270 358 369 380 391 402 413 0
-94 193 281 358 435 446 457 468 479 490 0
-193 94 281 358 435 446 457 468 479 490 0
-281 94 193 358 435 446 457 468 479 490 0
-358 94 193 281 435 446 457 468 479 490 0
-435 94 193 281 358 446 457 468 479 490 0
-446 94 193 281 358 435 457 468 479 490 0
-457 94 193 281 358 435 446 468 479 490 0
-468 94 193 281 358 435 446 457 479 490 0
-479 94 193 281 358 435 446 457 468 490 0
-490 94 193 281 358 435 446 457 468 479 0
-116 215 303 380 446 501 556 567 578 589 0
-215 116 303 380 446 501 556 567 578 589 0
-303 116 215 380 446 501 556 567 578 589 0
-380 116 215 303 446 501 556 567 578 589 0
-446 116 215 303 380 501 556 567 578 589 0
-501 116 215 303 380 446 556 567 578 589 0
-556 116 215 303 380 446 501 567 578 589 0
-567 116 215 303 380 446 501 556 578 589 0
-578 116 215 303 380 446 501 556 567 589 0
-589 116 215 303 380 446 501 556 567 578 0
-127 226 314 391 457 512 556 600 611 622 0
-226 127 314 391 457 512 556 600 611 622 0
-314 127 226 391 457 512 556 600 611 622 0
-391 127 226 314 457 512 556 600 611 622 0
-457 127 226 314 391 512 556 600 611 622 0
-512 127 226 314 391 457 556 600 611 622 0
-556 127 226 314 391 457 512 600 611 622 0
-600 127 226 314 391 457 512 556 611 622 0
-611 127 226 314 391 457 512 556 600 622 0
-622 127 226 314 391 457 512 556 600 611 0
-138 237 325 402 468 523 567 600 633 644 0
-237 138 325 402 468 523 567 600 633 644 0
-325 138 237 402 468 523 567 600 633 644 0
-402 138 237 325 468 523 567 600 633 644 0
-468 138 237 325 402 523 567 600 633 644 0
-523 138 237 325 402 468 567 600 633 644 0
-567 138 237 325 402 468 523 600 633 644 0
-600 138 237 325 402 468 523 567 633 644 0
-633 138 237 325 402 468 523 567 600 644 0
-644 138 237 325 402 468 523 567 600 633 0
-149 248 336 413 479 534 578 611 633 655 0
-248 149 336 413 479 534 578 611 633 655 0
-336 149 248 413 479 534 578 611 633 655 0
-413 149 248 336 479 534 578 611 633 655 0
-479 149 248 336 413 534 578 611 633 655 0
-534 149 248 336 413 479 578 611 633 655 0
-578 149 248 336 413 479 534 611 633 655 0
-611 149 248 336 413 479 534 578 633 655 0
-633 149 248 336 413 479 534 578 611 655 0
-655 149 248 336 413 479 534 578 611 633 0
-160 259 347 424 490 545 589 622 644 655 0
-259 160 347 424 490 545 589 622 644 655 0
-347 160 259 424 490 545 589 622 644 655 0
-424 160 259 347 490 545 589 622 644 655 0
-490 160 259 347 424 545 589 622 644 655 0
-545 160 259 347 424 490 589 622 644 655 0
-589 160 259 347 424 490 545 622 644 655 0
-622 160 259 347 424 490 545 589 644 655 0
-644 160 259 347 424 490 545 589 622 655 0
-655 160 259 347 424 490 545 589 622 644 0
-62 1 0
-73 2 0
-84 3 0
-95 4 0
-106 5 0
-117 6 0
-128 7 0
-139 8 0
-150 9 0
-161 10 0
-172 11 0
-183 12 0
-194 13 0
-205 14 0
-216 15 0
-227 16 0
-238 17 0
-249 18 0
-260 19 0
-271 20 0
-282 21 0
-293 22 0
-304 23 0
-315 24 0
-326 25 0
-337 26 0
-348 27 0
-359 28 0
-370 29 0
-381 30 0
-392 31 0
-403 32 0
-414 33 0
-425 34 0
-436 35 0
-447 36 0
-458 37 0
-469 38 0
-480 39 0
-491 40 0
-502 41 0
-513 42 0
-524 43 0
-535 44 0
-546 45 0
-557 46 0
-568 47 0
-579 48 0
-590 49 0
-601 50 0
-612 51 0
-623 52 0
-634 53 0
-645 54 0
-656 55 0
 62 73 84 95 106 117 128 139 150 161 0
 117 216 304 381 447 502 557 568 579 590 0
 -117 -216 0
 -117 -304 0
 -117 -381 0
 -117 -447 0
 -117 -502 0
 -117 -557 0
 -117 -568 0
 -117 -579 0
 -117 -590 0
 -216 -304 0
 -216 -381 0
 -216 -447 0
 -216 -502 0
 -216 -557 0
 -216 -568 0
 -216 -579 0
 -216 -590 0
 -304 -381 0
 -304 -447 0
 -304 -502 0
 -304 -557 0
 -304 -568 0
 -304 -579 0
 -304 -590 0
 -381 -447 0
 -381 -502 0
 -381 -557 0
 -381 -568 0
 -381 -579 0
 -381 -590 0
 -447 -502 0
 -447 -557 0
 -447 -568 0
 -447 -579 0
 -447 -590 0
 -502 -557 0
 -502 -568 0
 -502 -579 0
 -502 -590 0
 -557 -568 0
 -557 -579 0
 -557 -590 0
 -568 -579 0
 -568 -590 0
 -579 -590 0
-62 172 183 194 205 216 227 238 249 260 0
-172 62 183 194 205 216 227 238 249 260 0
-183 62 172 194 205 216 227 238 249 260 0
-194 62 172 183 205 216 227 238 249 260 0
-205 62 172 183 194 216 227 238 249 260 0
-216 62 172 183 194 205 227 238 249 260 0
-227 62 172 183 194 205 216 238 249 260 0
-238 62 172 183 194 205 216 227 249 260 0
-249 62 172 183 194 205 216 227 238 260 0
-260 62 172 183 194 205 216 227 238 249 0
-73 172 271 282 293 304 315 326 337 348 0
-172 73 271 282 293 304 315 326 337 348 0
-271 73 172 282 293 304 315 326 337 348 0
-282 73 172 271 293 304 315 326 337 348 0
-293 73 172 271 282 304 315 326 337 348 0
-304 73 172 271 282 293 315 326 337 348 0
-315 73 172 271 282 293 304 326 337 348 0
-326 73 172 271 282 293 304 315 337 348 0
-337 73 172 271 282 293 304 315 326 348 0
-348 73 172 271 282 293 304 315 326 337 0
-84 183 271 359 370 381 392 403 414 425 0
-183 84 271 359 370 381 392 403 414 425 0
-271 84 183 359 370 381 392 403 414 425 0
-359 84 183 271 370 381 392 403 414 425 0
-370 84 183 271 359 381 392 403 414 425 0
-381 84 183 271 359 370 392 403 414 425 0
-392 84 183 271 359 370 381 403 414 425 0
-403 84 183 271 359 370 381 392 414 425 0
-414 84 183 271 359 370 381 392 403 425 0
-425 84 183 271 359 370 381 392 403 414 0
-95 194 282 359 436 447 458 469 480 491 0
-194 95 282 359 436 447 458 469 480 491 0
-282 95 194 359 436 447 458 469 480 491 0
-359 95 194 282 436 447 458 469 480 491 0
-436 95 194 282 359 447 458 469 480 491 0
-447 95 194 282 359 436 458 469 480 491 0
-458 95 194 282 359 436 447 469 480 491 0
-469 95 194 282 359 436 447 458 480 491 0
-480 95 194 282 359 436 447 458 469 491 0
-491 95 194 282 359 436 447 458 469 480 0
-106 205 293 370 436 502 513 524 535 546 0
-205 106 293 370 436 502 513 524 535 546 0
-293 106 205 370 436 502 513 524 535 546 0
-370 106 205 293 436 502 513 524 535 546 0
-436 106 205 293 370 502 513 524 535 546 0
-502 106 205 293 370 436 513 524 535 546 0
-513 106 205 293 370 436 502 524 535 546 0
-524 106 205 293 370 436 502 513 535 546 0
-535 106 205 293 370 436 502 513 524 546 0
-546 106 205 293 370 436 502 513 524 535 0
-128 227 315 392 458 513 557 601 612 623 0
-227 128 315 392 458 513 557 601 612 623 0
-315 128 227 392 458 513 557 601 612 623 0
-392 128 227 315 458 513 557 601 612 623 0
-458 128 227 315 392 513 557 601 612 623 0
-513 128 227 315 392 458 557 601 612 623 0
-557 128 227 315 392 458 513 601 612 623 0
-601 128 227 315 392 458 513 557 612 623 0
-612 128 227 315 392 458 513 557 601 623 0
-623 128 227 315 392 458 513 557 601 612 0
-139 238 326 403 469 524 568 601 634 645 0
-238 139 326 403 469 524 568 601 634 645 0
-326 139 238 403 469 524 568 601 634 645 0
-403 139 238 326 469 524 568 601 634 645 0
-469 139 238 326 403 524 568 601 634 645 0
-524 139 238 326 403 469 568 601 634 645 0
-568 139 238 326 403 469 524 601 634 645 0
-601 139 238 326 403 469 524 568 634 645 0
-634 139 238 326 403 469 524 568 601 645 0
-645 139 238 326 403 469 524 568 601 634 0
-150 249 337 414 480 535 579 612 634 656 0
-249 150 337 414 480 535 579 612 634 656 0
-337 150 249 414 480 535 579 612 634 656 0
-414 150 249 337 480 535 579 612 634 656 0
-480 150 249 337 414 535 579 612 634 656 0
-535 150 249 337 414 480 579 612 634 656 0
-579 150 249 337 414 480 535 612 634 656 0
-612 150 249 337 414 480 535 579 634 656 0
-634 150 249 337 414 480 535 579 612 656 0
-656 150 249 337 414 480 535 579 612 634 0
-161 260 348 425 491 546 590 623 645 656 0
-260 161 348 425 491 546 590 623 645 656 0
-348 161 260 425 491 546 590 623 645 656 0
-425 161 260 348 491 546 590 623 645 656 0
-491 161 260 348 425 546 590 623 645 656 0
-546 161 260 348 425 491 590 623 645 656 0
-590 161 260 348 425 491 546 623 645 656 0
-623 161 260 348 425 491 546 590 645 656 0
-645 161 260 348 425 491 546 590 623 656 0
-656 161 260 348 425 491 546 590 623 645 0
-63 1 0
-74 2 0
-85 3 0
-96 4 0
-107 5 0
-118 6 0
-129 7 0
-140 8 0
-151 9 0
-162 10 0
-173 11 0
-184 12 0
-195 13 0
-206 14 0
-217 15 0
-228 16 0
-239 17 0
-250 18 0
-261 19 0
-272 20 0
-283 21 0
-294 22 0
-305 23 0
-316 24 0
-327 25 0
-338 26 0
-349 27 0
-360 28 0
-371 29 0
-382 30 0
-393 31 0
-404 32 0
-415 33 0
-426 34 0
-437 35 0
-448 36 0
-459 37 0
-470 38 0
-481 39 0
-492 40 0
-503 41 0
-514 42 0
-525 43 0
-536 44 0
-547 45 0
-558 46 0
-569 47 0
-580 48 0
-591 49 0
-602 50 0
-613 51 0
-624 52 0
-635 53 0
-646 54 0
-657 55 0
 63 74 85 96 107 118 129 140 151 162 0
 129 228 316 393 459 514 558 602 613 624 0
 -129 -228 0
 -129 -316 0
 -129 -393 0
 -129 -459 0
 -129 -514 0
 -129 -558 0
 -129 -602 0
 -129 -613 0
 -129 -624 0
 -228 -316 0
 -228 -393 0
 -228 -459 0
 -228 -514 0
 -228 -558 0
 -228 -602 0
 -228 -613 0
 -228 -624 0
 -316 -393 0
 -316 -459 0
 -316 -514 0
 -316 -558 0
 -316 -602 0
 -316 -613 0
 -316 -624 0
 -393 -459 0
 -393 -514 0
 -393 -558 0
 -393 -602 0
 -393 -613 0
 -393 -624 0
 -459 -514 0
 -459 -558 0
 -459 -602 0
 -459 -613 0
 -459 -624 0
 -514 -558 0
 -514 -602 0
 -514 -613 0
 -514 -624 0
 -558 -602 0
 -558 -613 0
 -558 -624 0
 -602 -613 0
 -602 -624 0
 -613 -624 0
-63 173 184 195 206 217 228 239 250 261 0
-173 63 184 195 206 217 228 239 250 261 0
-184 63 173 195 206 217 228 239 250 261 0
-195 63 173 184 206 217 228 239 250 261 0
-206 63 173 184 195 217 228 239 250 261 0
-217 63 173 184 195 206 228 239 250 261 0
-228 63 173 184 195 206 217 239 250 261 0
-239 63 173 184 195 206 217 228 250 261 0
-250 63 173 184 195 206 217 228 239 261 0
-261 63 173 184 195 206 217 228 239 250 0
-74 173 272 283 294 305 316 327 338 349 0
-173 74 272 283 294 305 316 327 338 349 0
-272 74 173 283 294 305 316 327 338 349 0
-283 74 173 272 294 305 316 327 338 349 0
-294 74 173 272 283 305 316 327 338 349 0
-305 74 173 272 283 294 316 327 338 349 0
-316 74 173 272 283 294 305 327 338 349 0
-327 74 173 272 283 294 305 316 338 349 0
-338 74 173 272 283 294 305 316 327 349 0
-349 74 173 272 283 294 305 316 327 338 0
-85 184 272 360 371 382 393 404 415 426 0
-184 85 272 360 371 382 393 404 415 426 0
-272 85 184 360 371 382 393 404 415 426 0
-360 85 184 272 371 382 393 404 415 426 0
-371 85 184 272 360 382 393 404 415 426 0
-382 85 184 272 360 371 393 404 415 426 0
-393 85 184 272 360 371 382 404 415 426 0
-404 85 184 272 360 371 382 393 415 426 0
-415 85 184 272 360 371 382 393 404 426 0
-426 85 184 272 360 371 382 393 404 415 0
-96 195 283 360 437 448 459 470 481 492 0
-195 96 283 360 437 448 459 470 481 492 0
-283 96 195 360 437 448 459 470 481 492 0
-360 96 195 283 437 448 459 470 481 492 0
-437 96 195 283 360 448 459 470 481 492 0
-448 96 195 283 360 437 459 470 481 492 0
-459 96 195 283 360 437 448 470 481 492 0
-470 96 195 283 360 437 448 459 481 492 0
-481 96 195 283 360 437 448 459 470 492 0
-492 96 195 283 360 437 448 459 470 481 0
-107 206 294 371 437 503 514 525 536 547 0
-206 107 294 371 437 503 514 525 536 547 0
-294 107 206 371 437 503 514 525 536 547 0
-371 107 206 294 437 503 514 525 536 547 0
-437 107 206 294 371 503 514 525 536 547 0
-503 107 206 294 371 437 514 525 536 547 0
-514 107 206 294 371 437 503 525 536 547 0
-525 107 206 294 371 437 503 514 536 547 0
-536 107 206 294 371 437 503 514 525 547 0
-547 107 206 294 371 437 503 514 525 536 0
-118 217 305 382 448 503 558 569 580 591 0
-217 118 305 382 448 503 558 569 580 591 0
-305 118 217 382 448 503 558 569 580 591 0
-382 118 217 305 448 503 558 569 580 591 0
-448 118 217 305 382 503 558 569 580 591 0
-503 118 217 305 382 448 558 569 580 591 0
-558 118 217 305 382 448 503 569 580 591 0
-569 118 217 305 382 448 503 558 580 591 0
-580 118 217 305 382 448 503 558 569 591 0
-591 118 217 305 382 448 503 558 569 580 0
-140 239 327 404 470 525 569 602 635 646 0
-239 140 327 404 470 525 569 602 635 646 0
-327 140 239 404 470 525 569 602 635 646 0
-404 140 239 327 470 525 569 602 635 646 0
-470 140 239 327 404 525 569 602 635 646 0
-525 140 239 327 404 470 569 602 635 646 0
-569 140 239 327 404 470 525 602 635 646 0
-602 140 239 327 404 470 525 569 635 646 0
-635 140 239 327 404 470 525 569 602 646 0
-646 140 239 327 404 470 525 569 602 635 0
-151 250 338 415 481 536 580 613 635 657 0
-250 151 338 415 481 536 580 613 635 657 0
-338 151 250 415 481 536 580 613 635 657 0
-415 151 250 338 481 536 580 613 635 657 0
-481 151 250 338 415 536 580 613 635 657 0
-536 151 250 338 415 481 580 613 635 657 0
-580 151 250 338 415 481 536 613 635 657 0
-613 151 250 338 415 481 536 580 635 657 0
-635 151 250 338 415 481 536 580 613 657 0
-657 151 250 338 415 481 536 580 613 635 0
-162 261 349 426 492 547 591 624 646 657 0
-261 162 349 426 492 547 591 624 646 657 0
-349 162 261 426 492 547 591 624 646 657 0
-426 162 261 349 492 547 591 624 646 657 0
-492 162 261 349 426 547 591 624 646 657 0
-547 162 261 349 426 492 591 624 646 657 0
-591 162 261 349 426 492 547 624 646 657 0
-624 162 261 349 426 492 547 591 646 657 0
-646 162 261 349 426 492 547 591 624 657 0
-657 162 261 349 426 492 547 591 624 646 0
-64 1 0
-75 2 0
-86 3 0
-97 4 0
-108 5 0
-119 6 0
-130 7 0
-141 8 0
-152 9 0
-163 10 0
-174 11 0
-185 12 0
-196 13 0
-207 14 0
-218 15 0
-229 16 0
-240 17 0
-251 18 0
-262 19 0
-273 20 0
-284 21 0
-295 22 0
-306 23 0
-317 24 0
-328 25 0
-339 26 0
-350 27 0
-361 28 0
-372 29 0
-383 30 0
-394 31 0
-405 32 0
-416 33 0
-427 34 0
-438 35 0
-449 36 0
-460 37 0
-471 38 0
-482 39 0
-493 40 0
-504 41 0
-515 42 0
-526 43 0
-537 44 0
-548 45 0
-559 46 0
-570 47 0
-581 48 0
-592 49 0
-603 50 0
-614 51 0
-625 52 0
-636 53 0
-647 54 0
-658 55 0
 64 75 86 97 108 119 130 141 152 163 0
 141 240 328 405 471 526 570 603 636 647 0
 -141 -240 0
 -141 -328 0
 -141 -405 0
 -141 -471 0
 -141 -526 0
 -141 -570 0
 -141 -603 0
 -141 -636 0
 -141 -647 0
 -240 -328 0
 -240 -405 0
 -240 -471 0
 -240 -526 0
 -240 -570 0
 -240 -603 0
 -240 -636 0
 -240 -647 0
 -328 -405 0
 -328 -471 0
 -328 -526 0
 -328 -570 0
 -328 -603 0
 -328 -636 0
 -328 -647 0
 -405 -471 0
 -405 -526 0
 -405 -570 0
 -405 -603 0
 -405 -636 0
 -405 -647 0
 -471 -526 0
 -471 -570 0
 -471 -603 0
 -471 -636 0
 -471 -647 0
 -526 -570 0
 -526 -603 0
 -526 -636 0
 -526 -647 0
 -570 -603 0
 -570 -636 0
 -570 -647 0
 -603 -636 0
 -603 -647 0
 -636 -647 0
-64 174 185 196 207 218 229 240 251 262 0
-174 64 185 196 207 218 229 240 251 262 0
-185 64 174 196 207 218 229 240 251 262 0
-196 64 174 185 207 218 229 240 251 262 0
-207 64 174 185 196 218 229 240 251 262 0
-218 64 174 185 196 207 229 240 251 262 0
-229 64 174 185 196 207 218 240 251 262 0
-240 64 174 185 196 207 218 229 251 262 0
-251 64 174 185 196 207 218 229 240 262 0
-262 64 174 185 196 207 218 229 240 251 0
-75 174 273 284 295 306 317 328 339 350 0
-174 75 273 284 295 306 317 328 339 350 0
-273 75 174 284 295 306 317 328 339 350 0
-284 75 174 273 295 306 317 328 339 350 0
-295 75 174 273 284 306 317 328 339 350 0
-306 75 174 273 284 295 317 328 339 350 0
-317 75 174 273 284 295 306 328 339 350 0
-328 75 174 273 284 295 306 317 339 350 0
-339 75 174 273 284 295 306 317 328 350 0
-350 75 174 273 284 295 306 317 328 339 0
-86 185 273 361 372 383 394 405 416 427 0
-185 86 273 361 372 383 394 405 416 427 0
-273 86 185 361 372 383 394 405 416 427 0
-361 86 185 273 372 383 394 405 416 427 0
-372 86 185 273 361 383 394 405 416 427 0
-383 86 185 273 361 372 394 405 416 427 0
-394 86 185 273 361 372 383 405 416 427 0
-405 86 185 273 361 372 383 394 416 427 0
-416 86 185 273 361 372 383 394 405 427 0
-427 86 185 273 361 372 383 394 405 416 0
-97 196 284 361 438 449 460 471 482 493 0
-196 97 284 361 438 449 460 471 482 493 0
-284 97 196 361 438 449 460 471 482 493 0
-361 97 196 284 438 449 460 471 482 493 0
-438 97 196 284 361 449 460 471 482 493 0
-449 97 196 284 361 438 460 471 482 493 0
-460 97 196 284 361 438 449 471 482 493 0
-471 97 196 284 361 438 449 460 482 493 0
-482 97 196 284 361 438 449 460 471 493 0
-493 97 196 284 361 438 449 460 471 482 0
-108 207 295 372 438 504 515 526 537 548 0
-207 108 295 372 438 504 515 526 537 548 0
-295 108 207 372 438 504 515 526 537 548 0
-372 108 207 295 438 504 515 526 537 548 0
-438 108 207 295 372 504 515 526 537 548 0
-504 108 207 295 372 438 515 526 537 548 0
-515 108 207 295 372 438 504 526 537 548 0
-526 108 207 295 372 438 504 515 537 548 0
-537 108 207 295 372 438 504 515 526 548 0
-548 108 207 295 372 438 504 515 526 537 0
-119 218 306 383 449 504 559 570 581 592 0
-218 119 306 383 449 504 559 570 581 592 0
-306 119 218 383 449 504 559 570 581 592 0
-383 119 218 306 449 504 559 570 581 592 0
-449 119 218 306 383 504 559 570 581 592 0
-504 119 218 306 383 449 559 570 581 592 0
-559 119 218 306 383 449 504 570 581 592 0
-570 119 218 306 383 449 504 559 581 592 0
-581 119 218 306 383 449 504 559 570 592 0
-592 119 218 306 383 449 504 559 570 581 0
-130 229 317 394 460 515 559 603 614 625 0
-229 130 317 394 460 515 559 603 614 625 0
-317 130 229 394 460 515 559 603 614 625 0
-394 130 229 317 460 515 559 603 614 625 0
-460 130 229 317 394 515 559 603 614 625 0
-515 130 229 317 394 460 559 603 614 625 0
-559 130 229 317 394 460 515 603 614 625 0
-603 130 229 317 394 460 515 559 614 625 0
-614 130 229 317 394 460 515 559 603 625 0
-625 130 229 317 394 460 515 559 603 614 0
-152 251 339 416 482 537 581 614 636 658 0
-251 152 339 416 482 537 581 614 636 658 0
-339 152 251 416 482 537 581 614 636 658 0
-416 152 251 339 482 537 581 614 636 658 0
-482 152 251 339 416 537 581 614 636 658 0
-537 152 251 339 416 482 581 614 636 658 0
-581 152 251 339 416 482 537 614 636 658 0
-614 152 251 339 416 482 537 581 636 658 0
-636 152 251 339 416 482 537 581 614 658 0
-658 152 251 339 416 482 537 581 614 636 0
-163 262 350 427 493 548 592 625 647 658 0
-262 163 350 427 493 548 592 625 647 658 0
-350 163 262 427 493 548 592 625 647 658 0
-427 163 262 350 493 548 592 625 647 658 0
-493 163 262 350 427 548 592 625 647 658 0
-548 163 262 350 427 493 592 625 647 658 0
-592 163 262 350 427 493 548 625 647 658 0
-625 163 262 350 427 493 548 592 647 658 0
-647 163 262 350 427 493 548 592 625 658 0
-658 163 262 350 427 493 548 592 625 647 0
-65 1 0
-76 2 0
-87 3 0
-98 4 0
-109 5 0
-120 6 0
-131 7 0
-142 8 0
-153 9 0
-164 10 0
-175 11 0
-186 12 0
-197 13 0
-208 14 0
-219 15 0
-230 16 0
-241 17 0
-252 18 0
-263 19 0
-274 20 0
-285 21 0
-296 22 0
-307 23 0
-318 24 0
-329 25 0
-340 26 0
-351 27 0
-362 28 0
-373 29 0
-384 30 0
-395 31 0
-406 32 0
-417 33 0
-428 34 0
-439 35 0
-450 36 0
-461 37 0
-472 38 0
-483 39 0
-494 40 0
-505 41 0
-516 42 0
-527 43 0
-538 44 0
-549 45 0
-560 46 0
-571 47 0
-582 48 0
-593 49 0
-604 50 0
-615 51 0
-626 52 0
-637 53 0
-648 54 0
-659 55 0
 65 76 87 98 109 120 131 142 153 164 0
 153 252 340 417 483 538 582 615 637 659 0
 -153 -252 0
 -153 -340 0
 -153 -417 0
 -153 -483 0
 -153 -538 0
 -153 -582 0
 -153 -615 0
 -153 -637 0
 -153 -659 0
 -252 -340 0
 -252 -417 0
 -252 -483 0
 -252 -538 0
 -252 -582 0
 -252 -615 0
 -252 -637 0
 -252 -659 0
 -340 -417 0
 -340 -483 0
 -340 -538 0
 -340 -582 0
 -340 -615 0
 -340 -637 0
 -340 -659 0
 -417 -483 0
 -417 -538 0
 -417 -582 0
 -417 -615 0
 -417 -637 0
 -417 -659 0
 -483 -538 0
 -483 -582 0
 -483 -615 0
 -483 -637 0
 -483 -659 0
 -538 -582 0
 -538 -615 0
 -538 -637 0
 -538 -659 0
 -582 -615 0
 -582 -637 0
 -582 -659 0
 -615 -637 0
 -615 -659 0
 -637 -659 0
-65 175 186 197 208 219 230 241 252 263 0
-175 65 186 197 208 219 230 241 252 263 0
-186 65 175 197 208 219 230 241 252 263 0
-197 65 175 186 208 219 230 241 252 263 0
-208 65 175 186 197 219 230 241 252 263 0
-219 65 175 186 197 208 230 241 252 263 0
-230 65 175 186 197 208 219 241 252 263 0
-241 65 175 186 197 208 219 230 252 263 0
-252 65 175 186 197 208 219 230 241 263 0
-263 65 175 186 197 208 219 230 241 252 0
-76 175 274 285 296 307 318 329 340 351 0
-175 76 274 285 296 307 318 329 340 351 0
-274 76 175 285 296 307 318 329 340 351 0
-285 76 175 274 296 307 318 329 340 351 0
-296 76 175 274 285 307 318 329 340 351 0
-307 76 175 274 285 296 318 329 340 351 0
-318 76 175 274 285 296 307 329 340 351 0
-329 76 175 274 285 296 307 318 340 351 0
-340 76 175 274 285 296 307 318 329 351 0
-351 76 175 274 285 296 307 318 329 340 0
-87 186 274 362 373 384 395 406 417 428 0
-186 87 274 362 373 384 395 406 417 428 0
-274 87 186 362 373 384 395 406 417 428 0
-362 87 186 274 373 384 395 406 417 428 0
-373 87 186 274 362 384 395 406 417 428 0
-384 87 186 274 362 373 395 406 417 428 0
-395 87 186 274 362 373 384 406 417 428 0
-406 87 186 274 362 373 384 395 417 428 0
-417 87 186 274 362 373 384 395 406 428 0
-428 87 186 274 362 373 384 395 406 417 0
-98 197 285 362 439 450 461 472 483 494 0
-197 98 285 362 439 450 461 472 483 494 0
-285 98 197 362 439 450 461 472 483 494 0
-362 98 197 285 439 450 461 472 483 494 0
-439 98 197 285 362 450 461 472 483 494 0
-450 98 197 285 362 439 461 472 483 494 0
-461 98 197 285 362 439 450 472 483 494 0
-472 98 197 285 362 439 450 461 483 494 0
-483 98 197 285 362 439 450 461 472 494 0
-494 98 197 285 362 439 450 461 472 483 0
-109 208 296 373 439 505 516 527 538 549 0
-208 109 296 373 439 505 516 527 538 549 0
-296 109 208 373 439 505 516 527 538 549 0
-373 109 208 296 439 505 516 527 538 549 0
-439 109 208 296 373 505 516 527 538 549 0
-505 109 208 296 373 439 516 527 538 549 0
-516 109 208 296 373 439 505 527 538 549 0
-527 109 208 296 373 439 505 516 538 549 0
-538 109 208 296 373 439 505 516 527 549 0
-549 109 208 296 373 439 505 516 527 538 0
-120 219 307 384 450 505 560 571 582 593 0
-219 120 307 384 450 505 560 571 582 593 0
-307 120 219 384 450 505 560 571 582 593 0
-384 120 219 307 450 505 560 571 582 593 0
-450 120 219 307 384 505 560 571 582 593 0
-505 120 219 307 384 450 560 571 582 593 0
-560 120 219 307 384 450 505 571 582 593 0
-571 120 219 307 384 450 505 560 582 593 0
-582 120 219 307 384 450 505 560 571 593 0
-593 120 219 307 384 450 505 560 571 582 0
-131 230 318 395 461 516 560 604 615 626 0
-230 131 318 395 461 516 560 604 615 626 0
-318 131 230 395 461 516 560 604 615 626 0
-395 131 230 318 461 516 560 604 615 626 0
-461 131 230 318 395 516 560 604 615 626 0
-516 131 230 318 395 461 560 604 615 626 0
-560 131 230 318 395 461 516 604 615 626 0
-604 131 230 318 395 461 516 560 615 626 0
-615 131 230 318 395 461 516 560 604 626 0
-626 131 230 318 395 461 516 560 604 615 0
-142 241 329 406 472 527 571 604 637 648 0
-241 142 329 406 472 527 571 604 637 648 0
-329 142 241 406 472 527 571 604 637 648 0
-406 142 241 329 472 527 571 604 637 648 0
-472 142 241 329 406 527 571 604 637 648 0
-527 142 241 329 406 472 571 604 637 648 0
-571 142 241 329 406 472 527 604 637 648 0
-604 142 241 329 406 472 527 571 637 648 0
-637 142 241 329 406 472 527 571 604 648 0
-648 142 241 329 406 472 527 571 604 637 0
-164 263 351 428 494 549 593 626 648 659 0
-263 164 351 428 494 549 593 626 648 659 0
-351 164 263 428 494 549 593 626 648 659 0
-428 164 263 351 494 549 593 626 648 659 0
-494 164 263 351 428 549 593 626 648 659 0
-549 164 263 351 428 494 593 626 648 659 0
-593 164 263 351 428 494 549 626 648 659 0
-626 164 263 351 428 494 549 593 648 659 0
-648 164 263 351 428 494 549 593 626 659 0
-659 164 263 351 428 494 549 593 626 648 0
-66 1 0
-77 2 0
-88 3 0
-99 4 0
-110 5 0
-121 6 0
-132 7 0
-143 8 0
-154 9 0
-165 10 0
-176 11 0
-187 12 0
-198 13 0
-209 14 0
-220 15 0
-231 16 0
-242 17 0
-253 18 0
-264 19 0
-275 20 0
-286 21 0
-297 22 0
-308 23 0
-319 24 0
-330 25 0
-341 26 0
-352 27 0
-363 28 0
-374 29 0
-385 30 0
-396 31 0
-407 32 0
-418 33 0
-429 34 0
-440 35 0
-451 36 0
-462 37 0
-473 38 0
-484 39 0
-495 40 0
-506 41 0
-517 42 0
-528 43 0
-539 44 0
-550 45 0
-561 46 0
-572 47 0
-583 48 0
-594 49 0
-605 50 0
-616 51 0
-627 52 0
-638 53 0
-649 54 0
-660 55 0
 66 77 88 99 110 121 132 143 154 165 0
 165 264 352 429 495 550 594 627 649 660 0
 -165 -264 0
 -165 -352 0
 -165 -429 0
 -165 -495 0
 -165 -550 0
 -165 -594 0
 -165 -627 0
 -165 -649 0
 -165 -660 0
 -264 -352 0
 -264 -429 0
 -264 -495 0
 -264 -550 0
 -264 -594 0
 -264 -627 0
 -264 -649 0
 -264 -660 0
 -352 -429 0
 -352 -495 0
 -352 -550 0
 -352 -594 0
 -352 -627 0
 -352 -649 0
 -352 -660 0
 -429 -495 0
 -429 -550 0
 -429 -594 0
 -429 -627 0
 -429 -649 0
 -429 -660 0
 -495 -550 0
 -495 -594 0
 -495 -627 0
 -495 -649 0
 -495 -660 0
 -550 -594 0
 -550 -627 0
 -550 -649 0
 -550 -660 0
 -594 -627 0
 -594 -649 0
 -594 -660 0
 -627 -649 0
 -627 -660 0
 -649 -660 0
-66 176 187 198 209 220 231 242 253 264 0
-176 66 187 198 209 220 231 242 253 264 0
-187 66 176 198 209 220 231 242 253 264 0
-198 66 176 187 209 220 231 242 253 264 0
-209 66 176 187 198 220 231 242 253 264 0
-220 66 176 187 198 209 231 242 253 264 0
-231 66 176 187 198 209 220 242 253 264 0
-242 66 176 187 198 209 220 231 253 264 0
-253 66 176 187 198 209 220 231 242 264 0
-264 66 176 187 198 209 220 231 242 253 0
-77 176 275 286 297 308 319 330 341 352 0
-176 77 275 286 297 308 319 330 341 352 0
-275 77 176 286 297 308 319 330 341 352 0
-286 77 176 275 297 308 319 330 341 352 0
-297 77 176 275 286 308 319 330 341 352 0
-308 77 176 275 286 297 319 330 341 352 0
-319 77 176 275 286 297 308 330 341 352 0
-330 77 176 275 286 297 308 319 341 352 0
-341 77 176 275 286 297 308 319 330 352 0
-352 77 176 275 286 297 308 319 330 341 0
-88 187 275 363 374 385 396 407 418 429 0
-187 88 275 363 374 385 396 407 418 429 0
-275 88 187 363 374 385 396 407 418 429 0
-363 88 187 275 374 385 396 407 418 429 0
-374 88 187 275 363 385 396 407 418 429 0
-385 88 187 275 363 374 396 407 418 429 0
-396 88 187 275 363 374 385 407 418 429 0
-407 88 187 275 363 374 385 396 418 429 0
-418 88 187 275 363 374 385 396 407 429 0
-429 88 187 275 363 374 385 396 407 418 0
-99 198 286 363 440 451 462 473 484 495 0
-198 99 286 363 440 451 462 473 484 495 0
-286 99 198 363 440 451 462 473 484 495 0
-363 99 198 286 440 451 462 473 484 495 0
-440 99 198 286 363 451 462 473 484 495 0
-451 99 198 286 363 440 462 473 484 495 0
-462 99 198 286 363 440 451 473 484 495 0
-473 99 198 286 363 440 451 462 484 495 0
-484 99 198 286 363 440 451 462 473 495 0
-495 99 198 286 363 440 451 462 473 484 0
-110 209 297 374 440 506 517 528 539 550 0
-209 110 297 374 440 506 517 528 539 550 0
-297 110 209 374 440 506 517 528 539 550 0
-374 110 209 297 440 506 517 528 539 550 0
-440 110 209 297 374 506 517 528 539 550 0
-506 110 209 297 374 440 517 528 539 550 0
-517 110 209 297 374 440 506 528 539 550 0
-528 110 209 297 374 440 506 517 539 550 0
-539 110 209 297 374 440 506 517 528 550 0
-550 110 209 297 374 440 506 517 528 539 0
-121 220 308 385 451 506 561 572 583 594 0
-220 121 308 385 451 506 561 572 583 594 0
-308 121 220 385 451 506 561 572 583 594 0
-385 121 220 308 451 506 561 572 583 594 0
-451 121 220 308 385 506 561 572 583 594 0
-506 121 220 308 385 451 561 572 583 594 0
-561 121 220 308 385 451 506 572 583 594 0
-572 121 220 308 385 451 506 561 583 594 0
-583 121 220 308 385 451 506 561 572 594 0
-594 121 220 308 385 451 506 561 572 583 0
-132 231 319 396 462 517 561 605 616 627 0
-231 132 319 396 462 517 561 605 616 627 0
-319 132 231 396 462 517 561 605 616 627 0
-396 132 231 319 462 517 561 605 616 627 0
-462 132 231 319 396 517 561 605 616 627 0
-517 132 231 319 396 462 561 605 616 627 0
-561 132 231 319 396 462 517 605 616 627 0
-605 132 231 319 396 462 517 561 616 627 0
-616 132 231 319 396 462 517 561 605 627 0
-627 132 231 319 396 462 517 561 605 616 0
-143 242 330 407 473 528 572 605 638 649 0
-242 143 330 407 473 528 572 605 638 649 0
-330 143 242 407 473 528 572 605 638 649 0
-407 143 242 330 473 528 572 605 638 649 0
-473 143 242 330 407 528 572 605 638 649 0
-528 143 242 330 407 473 572 605 638 649 0
-572 143 242 330 407 473 528 605 638 649 0
-605 143 242 330 407 473 528 572 638 649 0
-638 143 242 330 407 473 528 572 605 649 0
-649 143 242 330 407 473 528 572 605 638 0
-154 253 341 418 484 539 583 616 638 660 0
-253 154 341 418 484 539 583 616 638 660 0
-341 154 253 418 484 539 583 616 638 660 0
-418 154 253 341 484 539 583 616 638 660 0
-484 154 253 341 418 539 583 616 638 660 0
-539 154 253 341 418 484 583 616 638 660 0
-583 154 253 341 418 484 539 616 638 660 0
-616 154 253 341 418 484 539 583 638 660 0
-638 154 253 341 418 484 539 583 616 660 0
-660 154 253 341 418 484 539 583 616 638 0
