p cnf 624 3269
 1 2 3 4 5 6 7 8 0
 -1 -2 0
 -1 -3 0
 -1 -4 0
 -1 -5 0
 -1 -6 0
 -1 -7 0
 -1 -8 0
 -2 -3 0
 -2 -4 0
 -2 -5 0
 -2 -6 0
 -2 -7 0
 -2 -8 0
 -3 -4 0
 -3 -5 0
 -3 -6 0
 -3 -7 0
 -3 -8 0
 -4 -5 0
 -4 -6 0
 -4 -7 0
 -4 -8 0
 -5 -6 0
 -5 -7 0
 -5 -8 0
 -6 -7 0
 -6 -8 0
 -7 -8 0
 1 9 10 11 12 13 14 15 16 0
 -1 -9 -10 0
 -1 -9 -11 0
 -1 -9 -12 0
 -1 -9 -13 0
 -1 -9 -14 0
 -1 -9 -15 0
 -1 -9 -16 0
 -1 -10 -11 0
 -1 -10 -12 0
 -1 -10 -13 0
 -1 -10 -14 0
 -1 -10 -15 0
 -1 -10 -16 0
 -1 -11 -12 0
 -1 -11 -13 0
 -1 -11 -14 0
 -1 -11 -15 0
 -1 -11 -16 0
 -1 -12 -13 0
 -1 -12 -14 0
 -1 -12 -15 0
 -1 -12 -16 0
 -1 -13 -14 0
 -1 -13 -15 0
 -1 -13 -16 0
 -1 -14 -15 0
 -1 -14 -16 0
 -1 -15 -16 0
 -9 -10 -11 0
 -9 -10 -12 0
 -9 -10 -13 0
 -9 -10 -14 0
 -9 -10 -15 0
 -9 -10 -16 0
 -9 -11 -12 0
 -9 -11 -13 0
 -9 -11 -14 0
 -9 -11 -15 0
 -9 -11 -16 0
 -9 -12 -13 0
 -9 -12 -14 0
 -9 -12 -15 0
 -9 -12 -16 0
 -9 -13 -14 0
 -9 -13 -15 0
 -9 -13 -16 0
 -9 -14 -15 0
 -9 -14 -16 0
 -9 -15 -16 0
 -10 -11 -12 0
 -10 -11 -13 0
 -10 -11 -14 0
 -10 -11 -15 0
 -10 -11 -16 0
 -10 -12 -13 0
 -10 -12 -14 0
 -10 -12 -15 0
 -10 -12 -16 0
 -10 -13 -14 0
 -10 -13 -15 0
 -10 -13 -16 0
 -10 -14 -15 0
 -10 -14 -16 0
 -10 -15 -16 0
 -11 -12 -13 0
 -11 -12 -14 0
 -11 -12 -15 0
 -11 -12 -16 0
 -11 -13 -14 0
 -11 -13 -15 0
 -11 -13 -16 0
 -11 -14 -15 0
 -11 -14 -16 0
 -11 -15 -16 0
 -12 -13 -14 0
 -12 -13 -15 0
 -12 -13 -16 0
 -12 -14 -15 0
 -12 -14 -16 0
 -12 -15 -16 0
 -13 -14 -15 0
 -13 -14 -16 0
 -13 -15 -16 0
 -14 -15 -16 0
 2 9 17 18 19 20 21 22 23 24 0
 -2 -9 -17 0
 -2 -9 -18 0
 -2 -9 -19 0
 -2 -9 -20 0
 -2 -9 -21 0
 -2 -9 -22 0
 -2 -9 -23 0
 -2 -9 -24 0
 -2 -17 -18 0
 -2 -17 -19 0
 -2 -17 -20 0
 -2 -17 -21 0
 -2 -17 -22 0
 -2 -17 -23 0
 -2 -17 -24 0
 -2 -18 -19 0
 -2 -18 -20 0
 -2 -18 -21 0
 -2 -18 -22 0
 -2 -18 -23 0
 -2 -18 -24 0
 -2 -19 -20 0
 -2 -19 -21 0
 -2 -19 -22 0
 -2 -19 -23 0
 -2 -19 -24 0
 -2 -20 -21 0
 -2 -20 -22 0
 -2 -20 -23 0
 -2 -20 -24 0
 -2 -21 -22 0
 -2 -21 -23 0
 -2 -21 -24 0
 -2 -22 -23 0
 -2 -22 -24 0
 -2 -23 -24 0
 -9 -17 -18 0
 -9 -17 -19 0
 -9 -17 -20 0
 -9 -17 -21 0
 -9 -17 -22 0
 -9 -17 -23 0
 -9 -17 -24 0
 -9 -18 -19 0
 -9 -18 -20 0
 -9 -18 -21 0
 -9 -18 -22 0
 -9 -18 -23 0
 -9 -18 -24 0
 -9 -19 -20 0
 -9 -19 -21 0
 -9 -19 -22 0
 -9 -19 -23 0
 -9 -19 -24 0
 -9 -20 -21 0
 -9 -20 -22 0
 -9 -20 -23 0
 -9 -20 -24 0
 -9 -21 -22 0
 -9 -21 -23 0
 -9 -21 -24 0
 -9 -22 -23 0
 -9 -22 -24 0
 -9 -23 -24 0
 -17 -18 -19 0
 -17 -18 -20 0
 -17 -18 -21 0
 -17 -18 -22 0
 -17 -18 -23 0
 -17 -18 -24 0
 -17 -19 -20 0
 -17 -19 -21 0
 -17 -19 -22 0
 -17 -19 -23 0
 -17 -19 -24 0
 -17 -20 -21 0
 -17 -20 -22 0
 -17 -20 -23 0
 -17 -20 -24 0
 -17 -21 -22 0
 -17 -21 -23 0
 -17 -21 -24 0
 -17 -22 -23 0
 -17 -22 -24 0
 -17 -23 -24 0
 -18 -19 -20 0
 -18 -19 -21 0
 -18 -19 -22 0
 -18 -19 -23 0
 -18 -19 -24 0
 -18 -20 -21 0
 -18 -20 -22 0
 -18 -20 -23 0
 -18 -20 -24 0
 -18 -21 -22 0
 -18 -21 -23 0
 -18 -21 -24 0
 -18 -22 -23 0
 -18 -22 -24 0
 -18 -23 -24 0
 -19 -20 -21 0
 -19 -20 -22 0
 -19 -20 -23 0
 -19 -20 -24 0
 -19 -21 -22 0
 -19 -21 -23 0
 -19 -21 -24 0
 -19 -22 -23 0
 -19 -22 -24 0
 -19 -23 -24 0
 -20 -21 -22 0
 -20 -21 -23 0
 -20 -21 -24 0
 -20 -22 -23 0
 -20 -22 -24 0
 -20 -23 -24 0
 -21 -22 -23 0
 -21 -22 -24 0
 -21 -23 -24 0
 -22 -23 -24 0
 3 10 17 25 26 27 28 29 30 31 0
 -3 -10 -17 0
 -3 -10 -25 0
 -3 -10 -26 0
 -3 -10 -27 0
 -3 -10 -28 0
 -3 -10 -29 0
 -3 -10 -30 0
 -3 -10 -31 0
 -3 -17 -25 0
 -3 -17 -26 0
 -3 -17 -27 0
 -3 -17 -28 0
 -3 -17 -29 0
 -3 -17 -30 0
 -3 -17 -31 0
 -3 -25 -26 0
 -3 -25 -27 0
 -3 -25 -28 0
 -3 -25 -29 0
 -3 -25 -30 0
 -3 -25 -31 0
 -3 -26 -27 0
 -3 -26 -28 0
 -3 -26 -29 0
 -3 -26 -30 0
 -3 -26 -31 0
 -3 -27 -28 0
 -3 -27 -29 0
 -3 -27 -30 0
 -3 -27 -31 0
 -3 -28 -29 0
 -3 -28 -30 0
 -3 -28 -31 0
 -3 -29 -30 0
 -3 -29 -31 0
 -3 -30 -31 0
 -10 -17 -25 0
 -10 -17 -26 0
 -10 -17 -27 0
 -10 -17 -28 0
 -10 -17 -29 0
 -10 -17 -30 0
 -10 -17 -31 0
 -10 -25 -26 0
 -10 -25 -27 0
 -10 -25 -28 0
 -10 -25 -29 0
 -10 -25 -30 0
 -10 -25 -31 0
 -10 -26 -27 0
 -10 -26 -28 0
 -10 -26 -29 0
 -10 -26 -30 0
 -10 -26 -31 0
 -10 -27 -28 0
 -10 -27 -29 0
 -10 -27 -30 0
 -10 -27 -31 0
 -10 -28 -29 0
 -10 -28 -30 0
 -10 -28 -31 0
 -10 -29 -30 0
 -10 -29 -31 0
 -10 -30 -31 0
 -17 -25 -26 0
 -17 -25 -27 0
 -17 -25 -28 0
 -17 -25 -29 0
 -17 -25 -30 0
 -17 -25 -31 0
 -17 -26 -27 0
 -17 -26 -28 0
 -17 -26 -29 0
 -17 -26 -30 0
 -17 -26 -31 0
 -17 -27 -28 0
 -17 -27 -29 0
 -17 -27 -30 0
 -17 -27 -31 0
 -17 -28 -29 0
 -17 -28 -30 0
 -17 -28 -31 0
 -17 -29 -30 0
 -17 -29 -31 0
 -17 -30 -31 0
 -25 -26 -27 0
 -25 -26 -28 0
 -25 -26 -29 0
 -25 -26 -30 0
 -25 -26 -31 0
 -25 -27 -28 0
 -25 -27 -29 0
 -25 -27 -30 0
 -25 -27 -31 0
 -25 -28 -29 0
 -25 -28 -30 0
 -25 -28 -31 0
 -25 -29 -30 0
 -25 -29 -31 0
 -25 -30 -31 0
 -26 -27 -28 0
 -26 -27 -29 0
 -26 -27 -30 0
 -26 -27 -31 0
 -26 -28 -29 0
 -26 -28 -30 0
 -26 -28 -31 0
 -26 -29 -30 0
 -26 -29 -31 0
 -26 -30 -31 0
 -27 -28 -29 0
 -27 -28 -30 0
 -27 -28 -31 0
 -27 -29 -30 0
 -27 -29 -31 0
 -27 -30 -31 0
 -28 -29 -30 0
 -28 -29 -31 0
 -28 -30 -31 0
 -29 -30 -31 0
 4 11 18 25 32 33 34 35 36 37 0
 -4 -11 -18 0
 -4 -11 -25 0
 -4 -11 -32 0
 -4 -11 -33 0
 -4 -11 -34 0
 -4 -11 -35 0
 -4 -11 -36 0
 -4 -11 -37 0
 -4 -18 -25 0
 -4 -18 -32 0
 -4 -18 -33 0
 -4 -18 -34 0
 -4 -18 -35 0
 -4 -18 -36 0
 -4 -18 -37 0
 -4 -25 -32 0
 -4 -25 -33 0
 -4 -25 -34 0
 -4 -25 -35 0
 -4 -25 -36 0
 -4 -25 -37 0
 -4 -32 -33 0
 -4 -32 -34 0
 -4 -32 -35 0
 -4 -32 -36 0
 -4 -32 -37 0
 -4 -33 -34 0
 -4 -33 -35 0
 -4 -33 -36 0
 -4 -33 -37 0
 -4 -34 -35 0
 -4 -34 -36 0
 -4 -34 -37 0
 -4 -35 -36 0
 -4 -35 -37 0
 -4 -36 -37 0
 -11 -18 -25 0
 -11 -18 -32 0
 -11 -18 -33 0
 -11 -18 -34 0
 -11 -18 -35 0
 -11 -18 -36 0
 -11 -18 -37 0
 -11 -25 -32 0
 -11 -25 -33 0
 -11 -25 -34 0
 -11 -25 -35 0
 -11 -25 -36 0
 -11 -25 -37 0
 -11 -32 -33 0
 -11 -32 -34 0
 -11 -32 -35 0
 -11 -32 -36 0
 -11 -32 -37 0
 -11 -33 -34 0
 -11 -33 -35 0
 -11 -33 -36 0
 -11 -33 -37 0
 -11 -34 -35 0
 -11 -34 -36 0
 -11 -34 -37 0
 -11 -35 -36 0
 -11 -35 -37 0
 -11 -36 -37 0
 -18 -25 -32 0
 -18 -25 -33 0
 -18 -25 -34 0
 -18 -25 -35 0
 -18 -25 -36 0
 -18 -25 -37 0
 -18 -32 -33 0
 -18 -32 -34 0
 -18 -32 -35 0
 -18 -32 -36 0
 -18 -32 -37 0
 -18 -33 -34 0
 -18 -33 -35 0
 -18 -33 -36 0
 -18 -33 -37 0
 -18 -34 -35 0
 -18 -34 -36 0
 -18 -34 -37 0
 -18 -35 -36 0
 -18 -35 -37 0
 -18 -36 -37 0
 -25 -32 -33 0
 -25 -32 -34 0
 -25 -32 -35 0
 -25 -32 -36 0
 -25 -32 -37 0
 -25 -33 -34 0
 -25 -33 -35 0
 -25 -33 -36 0
 -25 -33 -37 0
 -25 -34 -35 0
 -25 -34 -36 0
 -25 -34 -37 0
 -25 -35 -36 0
 -25 -35 -37 0
 -25 -36 -37 0
 -32 -33 -34 0
 -32 -33 -35 0
 -32 -33 -36 0
 -32 -33 -37 0
 -32 -34 -35 0
 -32 -34 -36 0
 -32 -34 -37 0
 -32 -35 -36 0
 -32 -35 -37 0
 -32 -36 -37 0
 -33 -34 -35 0
 -33 -34 -36 0
 -33 -34 -37 0
 -33 -35 -36 0
 -33 -35 -37 0
 -33 -36 -37 0
 -34 -35 -36 0
 -34 -35 -37 0
 -34 -36 -37 0
 -35 -36 -37 0
 5 12 19 26 32 38 39 40 41 42 0
 -5 -12 -19 0
 -5 -12 -26 0
 -5 -12 -32 0
 -5 -12 -38 0
 -5 -12 -39 0
 -5 -12 -40 0
 -5 -12 -41 0
 -5 -12 -42 0
 -5 -19 -26 0
 -5 -19 -32 0
 -5 -19 -38 0
 -5 -19 -39 0
 -5 -19 -40 0
 -5 -19 -41 0
 -5 -19 -42 0
 -5 -26 -32 0
 -5 -26 -38 0
 -5 -26 -39 0
 -5 -26 -40 0
 -5 -26 -41 0
 -5 -26 -42 0
 -5 -32 -38 0
 -5 -32 -39 0
 -5 -32 -40 0
 -5 -32 -41 0
 -5 -32 -42 0
 -5 -38 -39 0
 -5 -38 -40 0
 -5 -38 -41 0
 -5 -38 -42 0
 -5 -39 -40 0
 -5 -39 -41 0
 -5 -39 -42 0
 -5 -40 -41 0
 -5 -40 -42 0
 -5 -41 -42 0
 -12 -19 -26 0
 -12 -19 -32 0
 -12 -19 -38 0
 -12 -19 -39 0
 -12 -19 -40 0
 -12 -19 -41 0
 -12 -19 -42 0
 -12 -26 -32 0
 -12 -26 -38 0
 -12 -26 -39 0
 -12 -26 -40 0
 -12 -26 -41 0
 -12 -26 -42 0
 -12 -32 -38 0
 -12 -32 -39 0
 -12 -32 -40 0
 -12 -32 -41 0
 -12 -32 -42 0
 -12 -38 -39 0
 -12 -38 -40 0
 -12 -38 -41 0
 -12 -38 -42 0
 -12 -39 -40 0
 -12 -39 -41 0
 -12 -39 -42 0
 -12 -40 -41 0
 -12 -40 -42 0
 -12 -41 -42 0
 -19 -26 -32 0
 -19 -26 -38 0
 -19 -26 -39 0
 -19 -26 -40 0
 -19 -26 -41 0
 -19 -26 -42 0
 -19 -32 -38 0
 -19 -32 -39 0
 -19 -32 -40 0
 -19 -32 -41 0
 -19 -32 -42 0
 -19 -38 -39 0
 -19 -38 -40 0
 -19 -38 -41 0
 -19 -38 -42 0
 -19 -39 -40 0
 -19 -39 -41 0
 -19 -39 -42 0
 -19 -40 -41 0
 -19 -40 -42 0
 -19 -41 -42 0
 -26 -32 -38 0
 -26 -32 -39 0
 -26 -32 -40 0
 -26 -32 -41 0
 -26 -32 -42 0
 -26 -38 -39 0
 -26 -38 -40 0
 -26 -38 -41 0
 -26 -38 -42 0
 -26 -39 -40 0
 -26 -39 -41 0
 -26 -39 -42 0
 -26 -40 -41 0
 -26 -40 -42 0
 -26 -41 -42 0
 -32 -38 -39 0
 -32 -38 -40 0
 -32 -38 -41 0
 -32 -38 -42 0
 -32 -39 -40 0
 -32 -39 -41 0
 -32 -39 -42 0
 -32 -40 -41 0
 -32 -40 -42 0
 -32 -41 -42 0
 -38 -39 -40 0
 -38 -39 -41 0
 -38 -39 -42 0
 -38 -40 -41 0
 -38 -40 -42 0
 -38 -41 -42 0
 -39 -40 -41 0
 -39 -40 -42 0
 -39 -41 -42 0
 -40 -41 -42 0
 6 13 20 27 33 38 43 44 45 46 0
 -6 -13 -20 0
 -6 -13 -27 0
 -6 -13 -33 0
 -6 -13 -38 0
 -6 -13 -43 0
 -6 -13 -44 0
 -6 -13 -45 0
 -6 -13 -46 0
 -6 -20 -27 0
 -6 -20 -33 0
 -6 -20 -38 0
 -6 -20 -43 0
 -6 -20 -44 0
 -6 -20 -45 0
 -6 -20 -46 0
 -6 -27 -33 0
 -6 -27 -38 0
 -6 -27 -43 0
 -6 -27 -44 0
 -6 -27 -45 0
 -6 -27 -46 0
 -6 -33 -38 0
 -6 -33 -43 0
 -6 -33 -44 0
 -6 -33 -45 0
 -6 -33 -46 0
 -6 -38 -43 0
 -6 -38 -44 0
 -6 -38 -45 0
 -6 -38 -46 0
 -6 -43 -44 0
 -6 -43 -45 0
 -6 -43 -46 0
 -6 -44 -45 0
 -6 -44 -46 0
 -6 -45 -46 0
 -13 -20 -27 0
 -13 -20 -33 0
 -13 -20 -38 0
 -13 -20 -43 0
 -13 -20 -44 0
 -13 -20 -45 0
 -13 -20 -46 0
 -13 -27 -33 0
 -13 -27 -38 0
 -13 -27 -43 0
 -13 -27 -44 0
 -13 -27 -45 0
 -13 -27 -46 0
 -13 -33 -38 0
 -13 -33 -43 0
 -13 -33 -44 0
 -13 -33 -45 0
 -13 -33 -46 0
 -13 -38 -43 0
 -13 -38 -44 0
 -13 -38 -45 0
 -13 -38 -46 0
 -13 -43 -44 0
 -13 -43 -45 0
 -13 -43 -46 0
 -13 -44 -45 0
 -13 -44 -46 0
 -13 -45 -46 0
 -20 -27 -33 0
 -20 -27 -38 0
 -20 -27 -43 0
 -20 -27 -44 0
 -20 -27 -45 0
 -20 -27 -46 0
 -20 -33 -38 0
 -20 -33 -43 0
 -20 -33 -44 0
 -20 -33 -45 0
 -20 -33 -46 0
 -20 -38 -43 0
 -20 -38 -44 0
 -20 -38 -45 0
 -20 -38 -46 0
 -20 -43 -44 0
 -20 -43 -45 0
 -20 -43 -46 0
 -20 -44 -45 0
 -20 -44 -46 0
 -20 -45 -46 0
 -27 -33 -38 0
 -27 -33 -43 0
 -27 -33 -44 0
 -27 -33 -45 0
 -27 -33 -46 0
 -27 -38 -43 0
 -27 -38 -44 0
 -27 -38 -45 0
 -27 -38 -46 0
 -27 -43 -44 0
 -27 -43 -45 0
 -27 -43 -46 0
 -27 -44 -45 0
 -27 -44 -46 0
 -27 -45 -46 0
 -33 -38 -43 0
 -33 -38 -44 0
 -33 -38 -45 0
 -33 -38 -46 0
 -33 -43 -44 0
 -33 -43 -45 0
 -33 -43 -46 0
 -33 -44 -45 0
 -33 -44 -46 0
 -33 -45 -46 0
 -38 -43 -44 0
 -38 -43 -45 0
 -38 -43 -46 0
 -38 -44 -45 0
 -38 -44 -46 0
 -38 -45 -46 0
 -43 -44 -45 0
 -43 -44 -46 0
 -43 -45 -46 0
 -44 -45 -46 0
 7 14 21 28 34 39 43 47 48 49 0
 -7 -14 -21 0
 -7 -14 -28 0
 -7 -14 -34 0
 -7 -14 -39 0
 -7 -14 -43 0
 -7 -14 -47 0
 -7 -14 -48 0
 -7 -14 -49 0
 -7 -21 -28 0
 -7 -21 -34 0
 -7 -21 -39 0
 -7 -21 -43 0
 -7 -21 -47 0
 -7 -21 -48 0
 -7 -21 -49 0
 -7 -28 -34 0
 -7 -28 -39 0
 -7 -28 -43 0
 -7 -28 -47 0
 -7 -28 -48 0
 -7 -28 -49 0
 -7 -34 -39 0
 -7 -34 -43 0
 -7 -34 -47 0
 -7 -34 -48 0
 -7 -34 -49 0
 -7 -39 -43 0
 -7 -39 -47 0
 -7 -39 -48 0
 -7 -39 -49 0
 -7 -43 -47 0
 -7 -43 -48 0
 -7 -43 -49 0
 -7 -47 -48 0
 -7 -47 -49 0
 -7 -48 -49 0
 -14 -21 -28 0
 -14 -21 -34 0
 -14 -21 -39 0
 -14 -21 -43 0
 -14 -21 -47 0
 -14 -21 -48 0
 -14 -21 -49 0
 -14 -28 -34 0
 -14 -28 -39 0
 -14 -28 -43 0
 -14 -28 -47 0
 -14 -28 -48 0
 -14 -28 -49 0
 -14 -34 -39 0
 -14 -34 -43 0
 -14 -34 -47 0
 -14 -34 -48 0
 -14 -34 -49 0
 -14 -39 -43 0
 -14 -39 -47 0
 -14 -39 -48 0
 -14 -39 -49 0
 -14 -43 -47 0
 -14 -43 -48 0
 -14 -43 -49 0
 -14 -47 -48 0
 -14 -47 -49 0
 -14 -48 -49 0
 -21 -28 -34 0
 -21 -28 -39 0
 -21 -28 -43 0
 -21 -28 -47 0
 -21 -28 -48 0
 -21 -28 -49 0
 -21 -34 -39 0
 -21 -34 -43 0
 -21 -34 -47 0
 -21 -34 -48 0
 -21 -34 -49 0
 -21 -39 -43 0
 -21 -39 -47 0
 -21 -39 -48 0
 -21 -39 -49 0
 -21 -43 -47 0
 -21 -43 -48 0
 -21 -43 -49 0
 -21 -47 -48 0
 -21 -47 -49 0
 -21 -48 -49 0
 -28 -34 -39 0
 -28 -34 -43 0
 -28 -34 -47 0
 -28 -34 -48 0
 -28 -34 -49 0
 -28 -39 -43 0
 -28 -39 -47 0
 -28 -39 -48 0
 -28 -39 -49 0
 -28 -43 -47 0
 -28 -43 -48 0
 -28 -43 -49 0
 -28 -47 -48 0
 -28 -47 -49 0
 -28 -48 -49 0
 -34 -39 -43 0
 -34 -39 -47 0
 -34 -39 -48 0
 -34 -39 -49 0
 -34 -43 -47 0
 -34 -43 -48 0
 -34 -43 -49 0
 -34 -47 -48 0
 -34 -47 -49 0
 -34 -48 -49 0
 -39 -43 -47 0
 -39 -43 -48 0
 -39 -43 -49 0
 -39 -47 -48 0
 -39 -47 -49 0
 -39 -48 -49 0
 -43 -47 -48 0
 -43 -47 -49 0
 -43 -48 -49 0
 -47 -48 -49 0
 8 15 22 29 35 40 44 47 50 51 0
 -8 -15 -22 0
 -8 -15 -29 0
 -8 -15 -35 0
 -8 -15 -40 0
 -8 -15 -44 0
 -8 -15 -47 0
 -8 -15 -50 0
 -8 -15 -51 0
 -8 -22 -29 0
 -8 -22 -35 0
 -8 -22 -40 0
 -8 -22 -44 0
 -8 -22 -47 0
 -8 -22 -50 0
 -8 -22 -51 0
 -8 -29 -35 0
 -8 -29 -40 0
 -8 -29 -44 0
 -8 -29 -47 0
 -8 -29 -50 0
 -8 -29 -51 0
 -8 -35 -40 0
 -8 -35 -44 0
 -8 -35 -47 0
 -8 -35 -50 0
 -8 -35 -51 0
 -8 -40 -44 0
 -8 -40 -47 0
 -8 -40 -50 0
 -8 -40 -51 0
 -8 -44 -47 0
 -8 -44 -50 0
 -8 -44 -51 0
 -8 -47 -50 0
 -8 -47 -51 0
 -8 -50 -51 0
 -15 -22 -29 0
 -15 -22 -35 0
 -15 -22 -40 0
 -15 -22 -44 0
 -15 -22 -47 0
 -15 -22 -50 0
 -15 -22 -51 0
 -15 -29 -35 0
 -15 -29 -40 0
 -15 -29 -44 0
 -15 -29 -47 0
 -15 -29 -50 0
 -15 -29 -51 0
 -15 -35 -40 0
 -15 -35 -44 0
 -15 -35 -47 0
 -15 -35 -50 0
 -15 -35 -51 0
 -15 -40 -44 0
 -15 -40 -47 0
 -15 -40 -50 0
 -15 -40 -51 0
 -15 -44 -47 0
 -15 -44 -50 0
 -15 -44 -51 0
 -15 -47 -50 0
 -15 -47 -51 0
 -15 -50 -51 0
 -22 -29 -35 0
 -22 -29 -40 0
 -22 -29 -44 0
 -22 -29 -47 0
 -22 -29 -50 0
 -22 -29 -51 0
 -22 -35 -40 0
 -22 -35 -44 0
 -22 -35 -47 0
 -22 -35 -50 0
 -22 -35 -51 0
 -22 -40 -44 0
 -22 -40 -47 0
 -22 -40 -50 0
 -22 -40 -51 0
 -22 -44 -47 0
 -22 -44 -50 0
 -22 -44 -51 0
 -22 -47 -50 0
 -22 -47 -51 0
 -22 -50 -51 0
 -29 -35 -40 0
 -29 -35 -44 0
 -29 -35 -47 0
 -29 -35 -50 0
 -29 -35 -51 0
 -29 -40 -44 0
 -29 -40 -47 0
 -29 -40 -50 0
 -29 -40 -51 0
 -29 -44 -47 0
 -29 -44 -50 0
 -29 -44 -51 0
 -29 -47 -50 0
 -29 -47 -51 0
 -29 -50 -51 0
 -35 -40 -44 0
 -35 -40 -47 0
 -35 -40 -50 0
 -35 -40 -51 0
 -35 -44 -47 0
 -35 -44 -50 0
 -35 -44 -51 0
 -35 -47 -50 0
 -35 -47 -51 0
 -35 -50 -51 0
 -40 -44 -47 0
 -40 -44 -50 0
 -40 -44 -51 0
 -40 -47 -50 0
 -40 -47 -51 0
 -40 -50 -51 0
 -44 -47 -50 0
 -44 -47 -51 0
 -44 -50 -51 0
 -47 -50 -51 0
 16 23 30 36 41 45 48 50 52 0
 -16 -23 -30 0
 -16 -23 -36 0
 -16 -23 -41 0
 -16 -23 -45 0
 -16 -23 -48 0
 -16 -23 -50 0
 -16 -23 -52 0
 -16 -30 -36 0
 -16 -30 -41 0
 -16 -30 -45 0
 -16 -30 -48 0
 -16 -30 -50 0
 -16 -30 -52 0
 -16 -36 -41 0
 -16 -36 -45 0
 -16 -36 -48 0
 -16 -36 -50 0
 -16 -36 -52 0
 -16 -41 -45 0
 -16 -41 -48 0
 -16 -41 -50 0
 -16 -41 -52 0
 -16 -45 -48 0
 -16 -45 -50 0
 -16 -45 -52 0
 -16 -48 -50 0
 -16 -48 -52 0
 -16 -50 -52 0
 -23 -30 -36 0
 -23 -30 -41 0
 -23 -30 -45 0
 -23 -30 -48 0
 -23 -30 -50 0
 -23 -30 -52 0
 -23 -36 -41 0
 -23 -36 -45 0
 -23 -36 -48 0
 -23 -36 -50 0
 -23 -36 -52 0
 -23 -41 -45 0
 -23 -41 -48 0
 -23 -41 -50 0
 -23 -41 -52 0
 -23 -45 -48 0
 -23 -45 -50 0
 -23 -45 -52 0
 -23 -48 -50 0
 -23 -48 -52 0
 -23 -50 -52 0
 -30 -36 -41 0
 -30 -36 -45 0
 -30 -36 -48 0
 -30 -36 -50 0
 -30 -36 -52 0
 -30 -41 -45 0
 -30 -41 -48 0
 -30 -41 -50 0
 -30 -41 -52 0
 -30 -45 -48 0
 -30 -45 -50 0
 -30 -45 -52 0
 -30 -48 -50 0
 -30 -48 -52 0
 -30 -50 -52 0
 -36 -41 -45 0
 -36 -41 -48 0
 -36 -41 -50 0
 -36 -41 -52 0
 -36 -45 -48 0
 -36 -45 -50 0
 -36 -45 -52 0
 -36 -48 -50 0
 -36 -48 -52 0
 -36 -50 -52 0
 -41 -45 -48 0
 -41 -45 -50 0
 -41 -45 -52 0
 -41 -48 -50 0
 -41 -48 -52 0
 -41 -50 -52 0
 -45 -48 -50 0
 -45 -48 -52 0
 -45 -50 -52 0
 -48 -50 -52 0
 24 31 37 42 46 49 51 52 0
 -24 -31 -37 0
 -24 -31 -42 0
 -24 -31 -46 0
 -24 -31 -49 0
 -24 -31 -51 0
 -24 -31 -52 0
 -24 -37 -42 0
 -24 -37 -46 0
 -24 -37 -49 0
 -24 -37 -51 0
 -24 -37 -52 0
 -24 -42 -46 0
 -24 -42 -49 0
 -24 -42 -51 0
 -24 -42 -52 0
 -24 -46 -49 0
 -24 -46 -51 0
 -24 -46 -52 0
 -24 -49 -51 0
 -24 -49 -52 0
 -24 -51 -52 0
 -31 -37 -42 0
 -31 -37 -46 0
 -31 -37 -49 0
 -31 -37 -51 0
 -31 -37 -52 0
 -31 -42 -46 0
 -31 -42 -49 0
 -31 -42 -51 0
 -31 -42 -52 0
 -31 -46 -49 0
 -31 -46 -51 0
 -31 -46 -52 0
 -31 -49 -51 0
 -31 -49 -52 0
 -31 -51 -52 0
 -37 -42 -46 0
 -37 -42 -49 0
 -37 -42 -51 0
 -37 -42 -52 0
 -37 -46 -49 0
 -37 -46 -51 0
 -37 -46 -52 0
 -37 -49 -51 0
 -37 -49 -52 0
 -37 -51 -52 0
 -42 -46 -49 0
 -42 -46 -51 0
 -42 -46 -52 0
 -42 -49 -51 0
 -42 -49 -52 0
 -42 -51 -52 0
 -46 -49 -51 0
 -46 -49 -52 0
 -46 -51 -52 0
 -49 -51 -52 0
 1 9 17 25 32 38 43 47 50 52 0
 -1 -9 0
 -1 -17 0
 -1 -25 0
 -1 -32 0
 -1 -38 0
 -1 -43 0
 -1 -47 0
 -1 -50 0
 -1 -52 0
 -9 -17 0
 -9 -25 0
 -9 -32 0
 -9 -38 0
 -9 -43 0
 -9 -47 0
 -9 -50 0
 -9 -52 0
 -17 -25 0
 -17 -32 0
 -17 -38 0
 -17 -43 0
 -17 -47 0
 -17 -50 0
 -17 -52 0
 -25 -32 0
 -25 -38 0
 -25 -43 0
 -25 -47 0
 -25 -50 0
 -25 -52 0
 -32 -38 0
 -32 -43 0
 -32 -47 0
 -32 -50 0
 -32 -52 0
 -38 -43 0
 -38 -47 0
 -38 -50 0
 -38 -52 0
 -43 -47 0
 -43 -50 0
 -43 -52 0
 -47 -50 0
 -47 -52 0
 -50 -52 0
 2 10 18 26 33 39 44 48 51 0
 -2 -10 0
 -2 -18 0
 -2 -26 0
 -2 -33 0
 -2 -39 0
 -2 -44 0
 -2 -48 0
 -2 -51 0
 -10 -18 0
 -10 -26 0
 -10 -33 0
 -10 -39 0
 -10 -44 0
 -10 -48 0
 -10 -51 0
 -18 -26 0
 -18 -33 0
 -18 -39 0
 -18 -44 0
 -18 -48 0
 -18 -51 0
 -26 -33 0
 -26 -39 0
 -26 -44 0
 -26 -48 0
 -26 -51 0
 -33 -39 0
 -33 -44 0
 -33 -48 0
 -33 -51 0
 -39 -44 0
 -39 -48 0
 -39 -51 0
 -44 -48 0
 -44 -51 0
 -48 -51 0
 3 11 19 27 34 40 45 49 0
 -3 -11 0
 -3 -19 0
 -3 -27 0
 -3 -34 0
 -3 -40 0
 -3 -45 0
 -3 -49 0
 -11 -19 0
 -11 -27 0
 -11 -34 0
 -11 -40 0
 -11 -45 0
 -11 -49 0
 -19 -27 0
 -19 -34 0
 -19 -40 0
 -19 -45 0
 -19 -49 0
 -27 -34 0
 -27 -40 0
 -27 -45 0
 -27 -49 0
 -34 -40 0
 -34 -45 0
 -34 -49 0
 -40 -45 0
 -40 -49 0
 -45 -49 0
 4 12 20 28 35 41 46 0
 -4 -12 0
 -4 -20 0
 -4 -28 0
 -4 -35 0
 -4 -41 0
 -4 -46 0
 -12 -20 0
 -12 -28 0
 -12 -35 0
 -12 -41 0
 -12 -46 0
 -20 -28 0
 -20 -35 0
 -20 -41 0
 -20 -46 0
 -28 -35 0
 -28 -41 0
 -28 -46 0
 -35 -41 0
 -35 -46 0
 -41 -46 0
 5 13 21 29 36 42 0
 -5 -13 0
 -5 -21 0
 -5 -29 0
 -5 -36 0
 -5 -42 0
 -13 -21 0
 -13 -29 0
 -13 -36 0
 -13 -42 0
 -21 -29 0
 -21 -36 0
 -21 -42 0
 -29 -36 0
 -29 -42 0
 -36 -42 0
 6 14 22 30 37 0
 -6 -14 0
 -6 -22 0
 -6 -30 0
 -6 -37 0
 -14 -22 0
 -14 -30 0
 -14 -37 0
 -22 -30 0
 -22 -37 0
 -30 -37 0
 7 15 23 0
 7 15 31 0
 7 23 31 0
 15 23 31 0
 -7 -15 -23 0
 -7 -15 -31 0
 -7 -23 -31 0
 -15 -23 -31 0
-53 1 0
-64 2 0
-75 3 0
-86 4 0
-97 5 0
-108 6 0
-119 7 0
-130 8 0
-141 9 0
-152 10 0
-163 11 0
-174 12 0
-185 13 0
-196 14 0
-207 15 0
-218 16 0
-229 17 0
-240 18 0
-251 19 0
-262 20 0
-273 21 0
-284 22 0
-295 23 0
-306 24 0
-317 25 0
-328 26 0
-339 27 0
-350 28 0
-361 29 0
-372 30 0
-383 31 0
-394 32 0
-405 33 0
-416 34 0
-427 35 0
-438 36 0
-449 37 0
-460 38 0
-471 39 0
-482 40 0
-493 41 0
-504 42 0
-515 43 0
-526 44 0
-537 45 0
-548 46 0
-559 47 0
-570 48 0
-581 49 0
-592 50 0
-603 51 0
-614 52 0
 53 64 75 86 97 108 119 130 0
 53 64 75 86 97 108 119 130 0
 -53 -64 0
 -53 -75 0
 -53 -86 0
 -53 -97 0
 -53 -108 0
 -53 -119 0
 -53 -130 0
 -64 -75 0
 -64 -86 0
 -64 -97 0
 -64 -108 0
 -64 -119 0
 -64 -130 0
 -75 -86 0
 -75 -97 0
 -75 -108 0
 -75 -119 0
 -75 -130 0
 -86 -97 0
 -86 -108 0
 -86 -119 0
 -86 -130 0
 -97 -108 0
 -97 -119 0
 -97 -130 0
 -108 -119 0
 -108 -130 0
 -119 -130 0
-53 141 152 163 174 185 196 207 218 0
-141 53 152 163 174 185 196 207 218 0
-152 53 141 163 174 185 196 207 218 0
-163 53 141 152 174 185 196 207 218 0
-174 53 141 152 163 185 196 207 218 0
-185 53 141 152 163 174 196 207 218 0
-196 53 141 152 163 174 185 207 218 0
-207 53 141 152 163 174 185 196 218 0
-218 53 141 152 163 174 185 196 207 0
-64 141 229 240 251 262 273 284 295 306 0
-141 64 229 240 251 262 273 284 295 306 0
-229 64 141 240 251 262 273 284 295 306 0
-240 64 141 229 251 262 273 284 295 306 0
-251 64 141 229 240 262 273 284 295 306 0
-262 64 141 229 240 251 273 284 295 306 0
-273 64 141 229 240 251 262 284 295 306 0
-284 64 141 229 240 251 262 273 295 306 0
-295 64 141 229 240 251 262 273 284 306 0
-306 64 141 229 240 251 262 273 284 295 0
-75 152 229 317 328 339 350 361 372 383 0
-152 75 229 317 328 339 350 361 372 383 0
-229 75 152 317 328 339 350 361 372 383 0
-317 75 152 229 328 339 350 361 372 383 0
-328 75 152 229 317 339 350 361 372 383 0
-339 75 152 229 317 328 350 361 372 383 0
-350 75 152 229 317 328 339 361 372 383 0
-361 75 152 229 317 328 339 350 372 383 0
-372 75 152 229 317 328 339 350 361 383 0
-383 75 152 229 317 328 339 350 361 372 0
-86 163 240 317 394 405 416 427 438 449 0
-163 86 240 317 394 405 416 427 438 449 0
-240 86 163 317 394 405 416 427 438 449 0
-317 86 163 240 394 405 416 427 438 449 0
-394 86 163 240 317 405 416 427 438 449 0
-405 86 163 240 317 394 416 427 438 449 0
-416 86 163 240 317 394 405 427 438 449 0
-427 86 163 240 317 394 405 416 438 449 0
-438 86 163 240 317 394 405 416 427 449 0
-449 86 163 240 317 394 405 416 427 438 0
-97 174 251 328 394 460 471 482 493 504 0
-174 97 251 328 394 460 471 482 493 504 0
-251 97 174 328 394 460 471 482 493 504 0
-328 97 174 251 394 460 471 482 493 504 0
-394 97 174 251 328 460 471 482 493 504 0
-460 97 174 251 328 394 471 482 493 504 0
-471 97 174 251 328 394 460 482 493 504 0
-482 97 174 251 328 394 460 471 493 504 0
-493 97 174 251 328 394 460 471 482 504 0
-504 97 174 251 328 394 460 471 482 493 0
-108 185 262 339 405 460 515 526 537 548 0
-185 108 262 339 405 460 515 526 537 548 0
-262 108 185 339 405 460 515 526 537 548 0
-339 108 185 262 405 460 515 526 537 548 0
-405 108 185 262 339 460 515 526 537 548 0
-460 108 185 262 339 405 515 526 537 548 0
-515 108 185 262 339 405 460 526 537 548 0
-526 108 185 262 339 405 460 515 537 548 0
-537 108 185 262 339 405 460 515 526 548 0
-548 108 185 262 339 405 460 515 526 537 0
-119 196 273 350 416 471 515 559 570 581 0
-196 119 273 350 416 471 515 559 570 581 0
-273 119 196 350 416 471 515 559 570 581 0
-350 119 196 273 416 471 515 559 570 581 0
-416 119 196 273 350 471 515 559 570 581 0
-471 119 196 273 350 416 515 559 570 581 0
-515 119 196 273 350 416 471 559 570 581 0
-559 119 196 273 350 416 471 515 570 581 0
-570 119 196 273 350 416 471 515 559 581 0
-581 119 196 273 350 416 471 515 559 570 0
-130 207 284 361 427 482 526 559 592 603 0
-207 130 284 361 427 482 526 559 592 603 0
-284 130 207 361 427 482 526 559 592 603 0
-361 130 207 284 427 482 526 559 592 603 0
-427 130 207 284 361 482 526 559 592 603 0
-482 130 207 284 361 427 526 559 592 603 0
-526 130 207 284 361 427 482 559 592 603 0
-559 130 207 284 361 427 482 526 592 603 0
-592 130 207 284 361 427 482 526 559 603 0
-603 130 207 284 361 427 482 526 559 592 0
-218 295 372 438 493 537 570 592 614 0
-295 218 372 438 493 537 570 592 614 0
-372 218 295 438 493 537 570 592 614 0
-438 218 295 372 493 537 570 592 614 0
-493 218 295 372 438 537 570 592 614 0
-537 218 295 372 438 493 570 592 614 0
-570 218 295 372 438 493 537 592 614 0
-592 218 295 372 438 493 537 570 614 0
-614 218 295 372 438 493 537 570 592 0
-306 383 449 504 548 581 603 614 0
-383 306 449 504 548 581 603 614 0
-449 306 383 504 548 581 603 614 0
-504 306 383 449 548 581 603 614 0
-548 306 383 449 504 581 603 614 0
-581 306 383 449 504 548 603 614 0
-603 306 383 449 504 548 581 614 0
-614 306 383 449 504 548 581 603 0
-54 1 0
-65 2 0
-76 3 0
-87 4 0
-98 5 0
-109 6 0
-120 7 0
-131 8 0
-142 9 0
-153 10 0
-164 11 0
-175 12 0
-186 13 0
-197 14 0
-208 15 0
-219 16 0
-230 17 0
-241 18 0
-252 19 0
-263 20 0
-274 21 0
-285 22 0
-296 23 0
-307 24 0
-318 25 0
-329 26 0
-340 27 0
-351 28 0
-362 29 0
-373 30 0
-384 31 0
-395 32 0
-406 33 0
-417 34 0
-428 35 0
-439 36 0
-450 37 0
-461 38 0
-472 39 0
-483 40 0
-494 41 0
-505 42 0
-516 43 0
-527 44 0
-538 45 0
-549 46 0
-560 47 0
-571 48 0
-582 49 0
-593 50 0
-604 51 0
-615 52 0
 54 65 76 87 98 109 120 131 0
 54 142 153 164 175 186 197 208 219 0
 -54 -142 0
 -54 -153 0
 -54 -164 0
 -54 -175 0
 -54 -186 0
 -54 -197 0
 -54 -208 0
 -54 -219 0
 -142 -153 0
 -142 -164 0
 -142 -175 0
 -142 -186 0
 -142 -197 0
 -142 -208 0
 -142 -219 0
 -153 -164 0
 -153 -175 0
 -153 -186 0
 -153 -197 0
 -153 -208 0
 -153 -219 0
 -164 -175 0
 -164 -186 0
 -164 -197 0
 -164 -208 0
 -164 -219 0
 -175 -186 0
 -175 -197 0
 -175 -208 0
 -175 -219 0
 -186 -197 0
 -186 -208 0
 -186 -219 0
 -197 -208 0
 -197 -219 0
 -208 -219 0
-65 142 230 241 252 263 274 285 296 307 0
-142 65 230 241 252 263 274 285 296 307 0
-230 65 142 241 252 263 274 285 296 307 0
-241 65 142 230 252 263 274 285 296 307 0
-252 65 142 230 241 263 274 285 296 307 0
-263 65 142 230 241 252 274 285 296 307 0
-274 65 142 230 241 252 263 285 296 307 0
-285 65 142 230 241 252 263 274 296 307 0
-296 65 142 230 241 252 263 274 285 307 0
-307 65 142 230 241 252 263 274 285 296 0
-76 153 230 318 329 340 351 362 373 384 0
-153 76 230 318 329 340 351 362 373 384 0
-230 76 153 318 329 340 351 362 373 384 0
-318 76 153 230 329 340 351 362 373 384 0
-329 76 153 230 318 340 351 362 373 384 0
-340 76 153 230 318 329 351 362 373 384 0
-351 76 153 230 318 329 340 362 373 384 0
-362 76 153 230 318 329 340 351 373 384 0
-373 76 153 230 318 329 340 351 362 384 0
-384 76 153 230 318 329 340 351 362 373 0
-87 164 241 318 395 406 417 428 439 450 0
-164 87 241 318 395 406 417 428 439 450 0
-241 87 164 318 395 406 417 428 439 450 0
-318 87 164 241 395 406 417 428 439 450 0
-395 87 164 241 318 406 417 428 439 450 0
-406 87 164 241 318 395 417 428 439 450 0
-417 87 164 241 318 395 406 428 439 450 0
-428 87 164 241 318 395 406 417 439 450 0
-439 87 164 241 318 395 406 417 428 450 0
-450 87 164 241 318 395 406 417 428 439 0
-98 175 252 329 395 461 472 483 494 505 0
-175 98 252 329 395 461 472 483 494 505 0
-252 98 175 329 395 461 472 483 494 505 0
-329 98 175 252 395 461 472 483 494 505 0
-395 98 175 252 329 461 472 483 494 505 0
-461 98 175 252 329 395 472 483 494 505 0
-472 98 175 252 329 395 461 483 494 505 0
-483 98 175 252 329 395 461 472 494 505 0
-494 98 175 252 329 395 461 472 483 505 0
-505 98 175 252 329 395 461 472 483 494 0
-109 186 263 340 406 461 516 527 538 549 0
-186 109 263 340 406 461 516 527 538 549 0
-263 109 186 340 406 461 516 527 538 549 0
-340 109 186 263 406 461 516 527 538 549 0
-406 109 186 263 340 461 516 527 538 549 0
-461 109 186 263 340 406 516 527 538 549 0
-516 109 186 263 340 406 461 527 538 549 0
-527 109 186 263 340 406 461 516 538 549 0
-538 109 186 263 340 406 461 516 527 549 0
-549 109 186 263 340 406 461 516 527 538 0
-120 197 274 351 417 472 516 560 571 582 0
-197 120 274 351 417 472 516 560 571 582 0
-274 120 197 351 417 472 516 560 571 582 0
-351 120 197 274 417 472 516 560 571 582 0
-417 120 197 274 351 472 516 560 571 582 0
-472 120 197 274 351 417 516 560 571 582 0
-516 120 197 274 351 417 472 560 571 582 0
-560 120 197 274 351 417 472 516 571 582 0
-571 120 197 274 351 417 472 516 560 582 0
-582 120 197 274 351 417 472 516 560 571 0
-131 208 285 362 428 483 527 560 593 604 0
-208 131 285 362 428 483 527 560 593 604 0
-285 131 208 362 428 483 527 560 593 604 0
-362 131 208 285 428 483 527 560 593 604 0
-428 131 208 285 362 483 527 560 593 604 0
-483 131 208 285 362 428 527 560 593 604 0
-527 131 208 285 362 428 483 560 593 604 0
-560 131 208 285 362 428 483 527 593 604 0
-593 131 208 285 362 428 483 527 560 604 0
-604 131 208 285 362 428 483 527 560 593 0
-219 296 373 439 494 538 571 593 615 0
-296 219 373 439 494 538 571 593 615 0
-373 219 296 439 494 538 571 593 615 0
-439 219 296 373 494 538 571 593 615 0
-494 219 296 373 439 538 571 593 615 0
-538 219 296 373 439 494 571 593 615 0
-571 219 296 373 439 494 538 593 615 0
-593 219 296 373 439 494 538 571 615 0
-615 219 296 373 439 494 538 571 593 0
-307 384 450 505 549 582 604 615 0
-384 307 450 505 549 582 604 615 0
-450 307 384 505 549 582 604 615 0
-505 307 384 450 549 582 604 615 0
-549 307 384 450 505 582 604 615 0
-582 307 384 450 505 549 604 615 0
-604 307 384 450 505 549 582 615 0
-615 307 384 450 505 549 582 604 0
-55 1 0
-66 2 0
-77 3 0
-88 4 0
-99 5 0
-110 6 0
-121 7 0
-132 8 0
-143 9 0
-154 10 0
-165 11 0
-176 12 0
-187 13 0
-198 14 0
-209 15 0
-220 16 0
-231 17 0
-242 18 0
-253 19 0
-264 20 0
-275 21 0
-286 22 0
-297 23 0
-308 24 0
-319 25 0
-330 26 0
-341 27 0
-352 28 0
-363 29 0
-374 30 0
-385 31 0
-396 32 0
-407 33 0
-418 34 0
-429 35 0
-440 36 0
-451 37 0
-462 38 0
-473 39 0
-484 40 0
-495 41 0
-506 42 0
-517 43 0
-528 44 0
-539 45 0
-550 46 0
-561 47 0
-572 48 0
-583 49 0
-594 50 0
-605 51 0
-616 52 0
 55 66 77 88 99 110 121 132 0
 66 143 231 242 253 264 275 286 297 308 0
 -66 -143 0
 -66 -231 0
 -66 -242 0
 -66 -253 0
 -66 -264 0
 -66 -275 0
 -66 -286 0
 -66 -297 0
 -66 -308 0
 -143 -231 0
 -143 -242 0
 -143 -253 0
 -143 -264 0
 -143 -275 0
 -143 -286 0
 -143 -297 0
 -143 -308 0
 -231 -242 0
 -231 -253 0
 -231 -264 0
 -231 -275 0
 -231 -286 0
 -231 -297 0
 -231 -308 0
 -242 -253 0
 -242 -264 0
 -242 -275 0
 -242 -286 0
 -242 -297 0
 -242 -308 0
 -253 -264 0
 -253 -275 0
 -253 -286 0
 -253 -297 0
 -253 -308 0
 -264 -275 0
 -264 -286 0
 -264 -297 0
 -264 -308 0
 -275 -286 0
 -275 -297 0
 -275 -308 0
 -286 -297 0
 -286 -308 0
 -297 -308 0
-55 143 154 165 176 187 198 209 220 0
-143 55 154 165 176 187 198 209 220 0
-154 55 143 165 176 187 198 209 220 0
-165 55 143 154 176 187 198 209 220 0
-176 55 143 154 165 187 198 209 220 0
-187 55 143 154 165 176 198 209 220 0
-198 55 143 154 165 176 187 209 220 0
-209 55 143 154 165 176 187 198 220 0
-220 55 143 154 165 176 187 198 209 0
-77 154 231 319 330 341 352 363 374 385 0
-154 77 231 319 330 341 352 363 374 385 0
-231 77 154 319 330 341 352 363 374 385 0
-319 77 154 231 330 341 352 363 374 385 0
-330 77 154 231 319 341 352 363 374 385 0
-341 77 154 231 319 330 352 363 374 385 0
-352 77 154 231 319 330 341 363 374 385 0
-363 77 154 231 319 330 341 352 374 385 0
-374 77 154 231 319 330 341 352 363 385 0
-385 77 154 231 319 330 341 352 363 374 0
-88 165 242 319 396 407 418 429 440 451 0
-165 88 242 319 396 407 418 429 440 451 0
-242 88 165 319 396 407 418 429 440 451 0
-319 88 165 242 396 407 418 429 440 451 0
-396 88 165 242 319 407 418 429 440 451 0
-407 88 165 242 319 396 418 429 440 451 0
-418 88 165 242 319 396 407 429 440 451 0
-429 88 165 242 319 396 407 418 440 451 0
-440 88 165 242 319 396 407 418 429 451 0
-451 88 165 242 319 396 407 418 429 440 0
-99 176 253 330 396 462 473 484 495 506 0
-176 99 253 330 396 462 473 484 495 506 0
-253 99 176 330 396 462 473 484 495 506 0
-330 99 176 253 396 462 473 484 495 506 0
-396 99 176 253 330 462 473 484 495 506 0
-462 99 176 253 330 396 473 484 495 506 0
-473 99 176 253 330 396 462 484 495 506 0
-484 99 176 253 330 396 462 473 495 506 0
-495 99 176 253 330 396 462 473 484 506 0
-506 99 176 253 330 396 462 473 484 495 0
-110 187 264 341 407 462 517 528 539 550 0
-187 110 264 341 407 462 517 528 539 550 0
-264 110 187 341 407 462 517 528 539 550 0
-341 110 187 264 407 462 517 528 539 550 0
-407 110 187 264 341 462 517 528 539 550 0
-462 110 187 264 341 407 517 528 539 550 0
-517 110 187 264 341 407 462 528 539 550 0
-528 110 187 264 341 407 462 517 539 550 0
-539 110 187 264 341 407 462 517 528 550 0
-550 110 187 264 341 407 462 517 528 539 0
-121 198 275 352 418 473 517 561 572 583 0
-198 121 275 352 418 473 517 561 572 583 0
-275 121 198 352 418 473 517 561 572 583 0
-352 121 198 275 418 473 517 561 572 583 0
-418 121 198 275 352 473 517 561 572 583 0
-473 121 198 275 352 418 517 561 572 583 0
-517 121 198 275 352 418 473 561 572 583 0
-561 121 198 275 352 418 473 517 572 583 0
-572 121 198 275 352 418 473 517 561 583 0
-583 121 198 275 352 418 473 517 561 572 0
-132 209 286 363 429 484 528 561 594 605 0
-209 132 286 363 429 484 528 561 594 605 0
-286 132 209 363 429 484 528 561 594 605 0
-363 132 209 286 429 484 528 561 594 605 0
-429 132 209 286 363 484 528 561 594 605 0
-484 132 209 286 363 429 528 561 594 605 0
-528 132 209 286 363 429 484 561 594 605 0
-561 132 209 286 363 429 484 528 594 605 0
-594 132 209 286 363 429 484 528 561 605 0
-605 132 209 286 363 429 484 528 561 594 0
-220 297 374 440 495 539 572 594 616 0
-297 220 374 440 495 539 572 594 616 0
-374 220 297 440 495 539 572 594 616 0
-440 220 297 374 495 539 572 594 616 0
-495 220 297 374 440 539 572 594 616 0
-539 220 297 374 440 495 572 594 616 0
-572 220 297 374 440 495 539 594 616 0
-594 220 297 374 440 495 539 572 616 0
-616 220 297 374 440 495 539 572 594 0
-308 385 451 506 550 583 605 616 0
-385 308 451 506 550 583 605 616 0
-451 308 385 506 550 583 605 616 0
-506 308 385 451 550 583 605 616 0
-550 308 385 451 506 583 605 616 0
-583 308 385 451 506 550 605 616 0
-605 308 385 451 506 550 583 616 0
-616 308 385 451 506 550 583 605 0
-56 1 0
-67 2 0
-78 3 0
-89 4 0
-100 5 0
-111 6 0
-122 7 0
-133 8 0
-144 9 0
-155 10 0
-166 11 0
-177 12 0
-188 13 0
-199 14 0
-210 15 0
-221 16 0
-232 17 0
-243 18 0
-254 19 0
-265 20 0
-276 21 0
-287 22 0
-298 23 0
-309 24 0
-320 25 0
-331 26 0
-342 27 0
-353 28 0
-364 29 0
-375 30 0
-386 31 0
-397 32 0
-408 33 0
-419 34 0
-430 35 0
-441 36 0
-452 37 0
-463 38 0
-474 39 0
-485 40 0
-496 41 0
-507 42 0
-518 43 0
-529 44 0
-540 45 0
-551 46 0
-562 47 0
-573 48 0
-584 49 0
-595 50 0
-606 51 0
-617 52 0
 56 67 78 89 100 111 122 133 0
 78 155 232 320 331 342 353 364 375 386 0
 -78 -155 0
 -78 -232 0
 -78 -320 0
 -78 -331 0
 -78 -342 0
 -78 -353 0
 -78 -364 0
 -78 -375 0
 -78 -386 0
 -155 -232 0
 -155 -320 0
 -155 -331 0
 -155 -342 0
 -155 -353 0
 -155 -364 0
 -155 -375 0
 -155 -386 0
 -232 -320 0
 -232 -331 0
 -232 -342 0
 -232 -353 0
 -232 -364 0
 -232 -375 0
 -232 -386 0
 -320 -331 0
 -320 -342 0
 -320 -353 0
 -320 -364 0
 -320 -375 0
 -320 -386 0
 -331 -342 0
 -331 -353 0
 -331 -364 0
 -331 -375 0
 -331 -386 0
 -342 -353 0
 -342 -364 0
 -342 -375 0
 -342 -386 0
 -353 -364 0
 -353 -375 0
 -353 -386 0
 -364 -375 0
 -364 -386 0
 -375 -386 0
-56 144 155 166 177 188 199 210 221 0
-144 56 155 166 177 188 199 210 221 0
-155 56 144 166 177 188 199 210 221 0
-166 56 144 155 177 188 199 210 221 0
-177 56 144 155 166 188 199 210 221 0
-188 56 144 155 166 177 199 210 221 0
-199 56 144 155 166 177 188 210 221 0
-210 56 144 155 166 177 188 199 221 0
-221 56 144 155 166 177 188 199 210 0
-67 144 232 243 254 265 276 287 298 309 0
-144 67 232 243 254 265 276 287 298 309 0
-232 67 144 243 254 265 276 287 298 309 0
-243 67 144 232 254 265 276 287 298 309 0
-254 67 144 232 243 265 276 287 298 309 0
-265 67 144 232 243 254 276 287 298 309 0
-276 67 144 232 243 254 265 287 298 309 0
-287 67 144 232 243 254 265 276 298 309 0
-298 67 144 232 243 254 265 276 287 309 0
-309 67 144 232 243 254 265 276 287 298 0
-89 166 243 320 397 408 419 430 441 452 0
-166 89 243 320 397 408 419 430 441 452 0
-243 89 166 320 397 408 419 430 441 452 0
-320 89 166 243 397 408 419 430 441 452 0
-397 89 166 243 320 408 419 430 441 452 0
-408 89 166 243 320 397 419 430 441 452 0
-419 89 166 243 320 397 408 430 441 452 0
-430 89 166 243 320 397 408 419 441 452 0
-441 89 166 243 320 397 408 419 430 452 0
-452 89 166 243 320 397 408 419 430 441 0
-100 177 254 331 397 463 474 485 496 507 0
-177 100 254 331 397 463 474 485 496 507 0
-254 100 177 331 397 463 474 485 496 507 0
-331 100 177 254 397 463 474 485 496 507 0
-397 100 177 254 331 463 474 485 496 507 0
-463 100 177 254 331 397 474 485 496 507 0
-474 100 177 254 331 397 463 485 496 507 0
-485 100 177 254 331 397 463 474 496 507 0
-496 100 177 254 331 397 463 474 485 507 0
-507 100 177 254 331 397 463 474 485 496 0
-111 188 265 342 408 463 518 529 540 551 0
-188 111 265 342 408 463 518 529 540 551 0
-265 111 188 342 408 463 518 529 540 551 0
-342 111 188 265 408 463 518 529 540 551 0
-408 111 188 265 342 463 518 529 540 551 0
-463 111 188 265 342 408 518 529 540 551 0
-518 111 188 265 342 408 463 529 540 551 0
-529 111 188 265 342 408 463 518 540 551 0
-540 111 188 265 342 408 463 518 529 551 0
-551 111 188 265 342 408 463 518 529 540 0
-122 199 276 353 419 474 518 562 573 584 0
-199 122 276 353 419 474 518 562 573 584 0
-276 122 199 353 419 474 518 562 573 584 0
-353 122 199 276 419 474 518 562 573 584 0
-419 122 199 276 353 474 518 562 573 584 0
-474 122 199 276 353 419 518 562 573 584 0
-518 122 199 276 353 419 474 562 573 584 0
-562 122 199 276 353 419 474 518 573 584 0
-573 122 199 276 353 419 474 518 562 584 0
-584 122 199 276 353 419 474 518 562 573 0
-133 210 287 364 430 485 529 562 595 606 0
-210 133 287 364 430 485 529 562 595 606 0
-287 133 210 364 430 485 529 562 595 606 0
-364 133 210 287 430 485 529 562 595 606 0
-430 133 210 287 364 485 529 562 595 606 0
-485 133 210 287 364 430 529 562 595 606 0
-529 133 210 287 364 430 485 562 595 606 0
-562 133 210 287 364 430 485 529 595 606 0
-595 133 210 287 364 430 485 529 562 606 0
-606 133 210 287 364 430 485 529 562 595 0
-221 298 375 441 496 540 573 595 617 0
-298 221 375 441 496 540 573 595 617 0
-375 221 298 441 496 540 573 595 617 0
-441 221 298 375 496 540 573 595 617 0
-496 221 298 375 441 540 573 595 617 0
-540 221 298 375 441 496 573 595 617 0
-573 221 298 375 441 496 540 595 617 0
-595 221 298 375 441 496 540 573 617 0
-617 221 298 375 441 496 540 573 595 0
-309 386 452 507 551 584 606 617 0
-386 309 452 507 551 584 606 617 0
-452 309 386 507 551 584 606 617 0
-507 309 386 452 551 584 606 617 0
-551 309 386 452 507 584 606 617 0
-584 309 386 452 507 551 606 617 0
-606 309 386 452 507 551 584 617 0
-617 309 386 452 507 551 584 606 0
-57 1 0
-68 2 0
-79 3 0
-90 4 0
-101 5 0
-112 6 0
-123 7 0
-134 8 0
-145 9 0
-156 10 0
-167 11 0
-178 12 0
-189 13 0
-200 14 0
-211 15 0
-222 16 0
-233 17 0
-244 18 0
-255 19 0
-266 20 0
-277 21 0
-288 22 0
-299 23 0
-310 24 0
-321 25 0
-332 26 0
-343 27 0
-354 28 0
-365 29 0
-376 30 0
-387 31 0
-398 32 0
-409 33 0
-420 34 0
-431 35 0
-442 36 0
-453 37 0
-464 38 0
-475 39 0
-486 40 0
-497 41 0
-508 42 0
-519 43 0
-530 44 0
-541 45 0
-552 46 0
-563 47 0
-574 48 0
-585 49 0
-596 50 0
-607 51 0
-618 52 0
 57 68 79 90 101 112 123 134 0
 90 167 244 321 398 409 420 431 442 453 0
 -90 -167 0
 -90 -244 0
 -90 -321 0
 -90 -398 0
 -90 -409 0
 -90 -420 0
 -90 -431 0
 -90 -442 0
 -90 -453 0
 -167 -244 0
 -167 -321 0
 -167 -398 0
 -167 -409 0
 -167 -420 0
 -167 -431 0
 -167 -442 0
 -167 -453 0
 -244 -321 0
 -244 -398 0
 -244 -409 0
 -244 -420 0
 -244 -431 0
 -244 -442 0
 -244 -453 0
 -321 -398 0
 -321 -409 0
 -321 -420 0
 -321 -431 0
 -321 -442 0
 -321 -453 0
 -398 -409 0
 -398 -420 0
 -398 -431 0
 -398 -442 0
 -398 -453 0
 -409 -420 0
 -409 -431 0
 -409 -442 0
 -409 -453 0
 -420 -431 0
 -420 -442 0
 -420 -453 0
 -431 -442 0
 -431 -453 0
 -442 -453 0
-57 145 156 167 178 189 200 211 222 0
-145 57 156 167 178 189 200 211 222 0
-156 57 145 167 178 189 200 211 222 0
-167 57 145 156 178 189 200 211 222 0
-178 57 145 156 167 189 200 211 222 0
-189 57 145 156 167 178 200 211 222 0
-200 57 145 156 167 178 189 211 222 0
-211 57 145 156 167 178 189 200 222 0
-222 57 145 156 167 178 189 200 211 0
-68 145 233 244 255 266 277 288 299 310 0
-145 68 233 244 255 266 277 288 299 310 0
-233 68 145 244 255 266 277 288 299 310 0
-244 68 145 233 255 266 277 288 299 310 0
-255 68 145 233 244 266 277 288 299 310 0
-266 68 145 233 244 255 277 288 299 310 0
-277 68 145 233 244 255 266 288 299 310 0
-288 68 145 233 244 255 266 277 299 310 0
-299 68 145 233 244 255 266 277 288 310 0
-310 68 145 233 244 255 266 277 288 299 0
-79 156 233 321 332 343 354 365 376 387 0
-156 79 233 321 332 343 354 365 376 387 0
-233 79 156 321 332 343 354 365 376 387 0
-321 79 156 233 332 343 354 365 376 387 0
-332 79 156 233 321 343 354 365 376 387 0
-343 79 156 233 321 332 354 365 376 387 0
-354 79 156 233 321 332 343 365 376 387 0
-365 79 156 233 321 332 343 354 376 387 0
-376 79 156 233 321 332 343 354 365 387 0
-387 79 156 233 321 332 343 354 365 376 0
-101 178 255 332 398 464 475 486 497 508 0
-178 101 255 332 398 464 475 486 497 508 0
-255 101 178 332 398 464 475 486 497 508 0
-332 101 178 255 398 464 475 486 497 508 0
-398 101 178 255 332 464 475 486 497 508 0
-464 101 178 255 332 398 475 486 497 508 0
-475 101 178 255 332 398 464 486 497 508 0
-486 101 178 255 332 398 464 475 497 508 0
-497 101 178 255 332 398 464 475 486 508 0
-508 101 178 255 332 398 464 475 486 497 0
-112 189 266 343 409 464 519 530 541 552 0
-189 112 266 343 409 464 519 530 541 552 0
-266 112 189 343 409 464 519 530 541 552 0
-343 112 189 266 409 464 519 530 541 552 0
-409 112 189 266 343 464 519 530 541 552 0
-464 112 189 266 343 409 519 530 541 552 0
-519 112 189 266 343 409 464 530 541 552 0
-530 112 189 266 343 409 464 519 541 552 0
-541 112 189 266 343 409 464 519 530 552 0
-552 112 189 266 343 409 464 519 530 541 0
-123 200 277 354 420 475 519 563 574 585 0
-200 123 277 354 420 475 519 563 574 585 0
-277 123 200 354 420 475 519 563 574 585 0
-354 123 200 277 420 475 519 563 574 585 0
-420 123 200 277 354 475 519 563 574 585 0
-475 123 200 277 354 420 519 563 574 585 0
-519 123 200 277 354 420 475 563 574 585 0
-563 123 200 277 354 420 475 519 574 585 0
-574 123 200 277 354 420 475 519 563 585 0
-585 123 200 277 354 420 475 519 563 574 0
-134 211 288 365 431 486 530 563 596 607 0
-211 134 288 365 431 486 530 563 596 607 0
-288 134 211 365 431 486 530 563 596 607 0
-365 134 211 288 431 486 530 563 596 607 0
-431 134 211 288 365 486 530 563 596 607 0
-486 134 211 288 365 431 530 563 596 607 0
-530 134 211 288 365 431 486 563 596 607 0
-563 134 211 288 365 431 486 530 596 607 0
-596 134 211 288 365 431 486 530 563 607 0
-607 134 211 288 365 431 486 530 563 596 0
-222 299 376 442 497 541 574 596 618 0
-299 222 376 442 497 541 574 596 618 0
-376 222 299 442 497 541 574 596 618 0
-442 222 299 376 497 541 574 596 618 0
-497 222 299 376 442 541 574 596 618 0
-541 222 299 376 442 497 574 596 618 0
-574 222 299 376 442 497 541 596 618 0
-596 222 299 376 442 497 541 574 618 0
-618 222 299 376 442 497 541 574 596 0
-310 387 453 508 552 585 607 618 0
-387 310 453 508 552 585 607 618 0
-453 310 387 508 552 585 607 618 0
-508 310 387 453 552 585 607 618 0
-552 310 387 453 508 585 607 618 0
-585 310 387 453 508 552 607 618 0
-607 310 387 453 508 552 585 618 0
-618 310 387 453 508 552 585 607 0
-58 1 0
-69 2 0
-80 3 0
-91 4 0
-102 5 0
-113 6 0
-124 7 0
-135 8 0
-146 9 0
-157 10 0
-168 11 0
-179 12 0
-190 13 0
-201 14 0
-212 15 0
-223 16 0
-234 17 0
-245 18 0
-256 19 0
-267 20 0
-278 21 0
-289 22 0
-300 23 0
-311 24 0
-322 25 0
-333 26 0
-344 27 0
-355 28 0
-366 29 0
-377 30 0
-388 31 0
-399 32 0
-410 33 0
-421 34 0
-432 35 0
-443 36 0
-454 37 0
-465 38 0
-476 39 0
-487 40 0
-498 41 0
-509 42 0
-520 43 0
-531 44 0
-542 45 0
-553 46 0
-564 47 0
-575 48 0
-586 49 0
-597 50 0
-608 51 0
-619 52 0
 58 69 80 91 102 113 124 135 0
 102 179 256 333 399 465 476 487 498 509 0
 -102 -179 0
 -102 -256 0
 -102 -333 0
 -102 -399 0
 -102 -465 0
 -102 -476 0
 -102 -487 0
 -102 -498 0
 -102 -509 0
 -179 -256 0
 -179 -333 0
 -179 -399 0
 -179 -465 0
 -179 -476 0
 -179 -487 0
 -179 -498 0
 -179 -509 0
 -256 -333 0
 -256 -399 0
 -256 -465 0
 -256 -476 0
 -256 -487 0
 -256 -498 0
 -256 -509 0
 -333 -399 0
 -333 -465 0
 -333 -476 0
 -333 -487 0
 -333 -498 0
 -333 -509 0
 -399 -465 0
 -399 -476 0
 -399 -487 0
 -399 -498 0
 -399 -509 0
 -465 -476 0
 -465 -487 0
 -465 -498 0
 -465 -509 0
 -476 -487 0
 -476 -498 0
 -476 -509 0
 -487 -498 0
 -487 -509 0
 -498 -509 0
-58 146 157 168 179 190 201 212 223 0
-146 58 157 168 179 190 201 212 223 0
-157 58 146 168 179 190 201 212 223 0
-168 58 146 157 179 190 201 212 223 0
-179 58 146 157 168 190 201 212 223 0
-190 58 146 157 168 179 201 212 223 0
-201 58 146 157 168 179 190 212 223 0
-212 58 146 157 168 179 190 201 223 0
-223 58 146 157 168 179 190 201 212 0
-69 146 234 245 256 267 278 289 300 311 0
-146 69 234 245 256 267 278 289 300 311 0
-234 69 146 245 256 267 278 289 300 311 0
-245 69 146 234 256 267 278 289 300 311 0
-256 69 146 234 245 267 278 289 300 311 0
-267 69 146 234 245 256 278 289 300 311 0
-278 69 146 234 245 256 267 289 300 311 0
-289 69 146 234 245 256 267 278 300 311 0
-300 69 146 234 245 256 267 278 289 311 0
-311 69 146 234 245 256 267 278 289 300 0
-80 157 234 322 333 344 355 366 377 388 0
-157 80 234 322 333 344 355 366 377 388 0
-234 80 157 322 333 344 355 366 377 388 0
-322 80 157 234 333 344 355 366 377 388 0
-333 80 157 234 322 344 355 366 377 388 0
-344 80 157 234 322 333 355 366 377 388 0
-355 80 157 234 322 333 344 366 377 388 0
-366 80 157 234 322 333 344 355 377 388 0
-377 80 157 234 322 333 344 355 366 388 0
-388 80 157 234 322 333 344 355 366 377 0
-91 168 245 322 399 410 421 432 443 454 0
-168 91 245 322 399 410 421 432 443 454 0
-245 91 168 322 399 410 421 432 443 454 0
-322 91 168 245 399 410 421 432 443 454 0
-399 91 168 245 322 410 421 432 443 454 0
-410 91 168 245 322 399 421 432 443 454 0
-421 91 168 245 322 399 410 432 443 454 0
-432 91 168 245 322 399 410 421 443 454 0
-443 91 168 245 322 399 410 421 432 454 0
-454 91 168 245 322 399 410 421 432 443 0
-113 190 267 344 410 465 520 531 542 553 0
-190 113 267 344 410 465 520 531 542 553 0
-267 113 190 344 410 465 520 531 542 553 0
-344 113 190 267 410 465 520 531 542 553 0
-410 113 190 267 344 465 520 531 542 553 0
-465 113 190 267 344 410 520 531 542 553 0
-520 113 190 267 344 410 465 531 542 553 0
-531 113 190 267 344 410 465 520 542 553 0
-542 113 190 267 344 410 465 520 531 553 0
-553 113 190 267 344 410 465 520 531 542 0
-124 201 278 355 421 476 520 564 575 586 0
-201 124 278 355 421 476 520 564 575 586 0
-278 124 201 355 421 476 520 564 575 586 0
-355 124 201 278 421 476 520 564 575 586 0
-421 124 201 278 355 476 520 564 575 586 0
-476 124 201 278 355 421 520 564 575 586 0
-520 124 201 278 355 421 476 564 575 586 0
-564 124 201 278 355 421 476 520 575 586 0
-575 124 201 278 355 421 476 520 564 586 0
-586 124 201 278 355 421 476 520 564 575 0
-135 212 289 366 432 487 531 564 597 608 0
-212 135 289 366 432 487 531 564 597 608 0
-289 135 212 366 432 487 531 564 597 608 0
-366 135 212 289 432 487 531 564 597 608 0
-432 135 212 289 366 487 531 564 597 608 0
-487 135 212 289 366 432 531 564 597 608 0
-531 135 212 289 366 432 487 564 597 608 0
-564 135 212 289 366 432 487 531 597 608 0
-597 135 212 289 366 432 487 531 564 608 0
-608 135 212 289 366 432 487 531 564 597 0
-223 300 377 443 498 542 575 597 619 0
-300 223 377 443 498 542 575 597 619 0
-377 223 300 443 498 542 575 597 619 0
-443 223 300 377 498 542 575 597 619 0
-498 223 300 377 443 542 575 597 619 0
-542 223 300 377 443 498 575 597 619 0
-575 223 300 377 443 498 542 597 619 0
-597 223 300 377 443 498 542 575 619 0
-619 223 300 377 443 498 542 575 597 0
-311 388 454 509 553 586 608 619 0
-388 311 454 509 553 586 608 619 0
-454 311 388 509 553 586 608 619 0
-509 311 388 454 553 586 608 619 0
-553 311 388 454 509 586 608 619 0
-586 311 388 454 509 553 608 619 0
-608 311 388 454 509 553 586 619 0
-619 311 388 454 509 553 586 608 0
-59 1 0
-70 2 0
-81 3 0
-92 4 0
-103 5 0
-114 6 0
-125 7 0
-136 8 0
-147 9 0
-158 10 0
-169 11 0
-180 12 0
-191 13 0
-202 14 0
-213 15 0
-224 16 0
-235 17 0
-246 18 0
-257 19 0
-268 20 0
-279 21 0
-290 22 0
-301 23 0
-312 24 0
-323 25 0
-334 26 0
-345 27 0
-356 28 0
-367 29 0
-378 30 0
-389 31 0
-400 32 0
-411 33 0
-422 34 0
-433 35 0
-444 36 0
-455 37 0
-466 38 0
-477 39 0
-488 40 0
-499 41 0
-510 42 0
-521 43 0
-532 44 0
-543 45 0
-554 46 0
-565 47 0
-576 48 0
-587 49 0
-598 50 0
-609 51 0
-620 52 0
 59 70 81 92 103 114 125 136 0
 114 191 268 345 411 466 521 532 543 554 0
 -114 -191 0
 -114 -268 0
 -114 -345 0
 -114 -411 0
 -114 -466 0
 -114 -521 0
 -114 -532 0
 -114 -543 0
 -114 -554 0
 -191 -268 0
 -191 -345 0
 -191 -411 0
 -191 -466 0
 -191 -521 0
 -191 -532 0
 -191 -543 0
 -191 -554 0
 -268 -345 0
 -268 -411 0
 -268 -466 0
 -268 -521 0
 -268 -532 0
 -268 -543 0
 -268 -554 0
 -345 -411 0
 -345 -466 0
 -345 -521 0
 -345 -532 0
 -345 -543 0
 -345 -554 0
 -411 -466 0
 -411 -521 0
 -411 -532 0
 -411 -543 0
 -411 -554 0
 -466 -521 0
 -466 -532 0
 -466 -543 0
 -466 -554 0
 -521 -532 0
 -521 -543 0
 -521 -554 0
 -532 -543 0
 -532 -554 0
 -543 -554 0
-59 147 158 169 180 191 202 213 224 0
-147 59 158 169 180 191 202 213 224 0
-158 59 147 169 180 191 202 213 224 0
-169 59 147 158 180 191 202 213 224 0
-180 59 147 158 169 191 202 213 224 0
-191 59 147 158 169 180 202 213 224 0
-202 59 147 158 169 180 191 213 224 0
-213 59 147 158 169 180 191 202 224 0
-224 59 147 158 169 180 191 202 213 0
-70 147 235 246 257 268 279 290 301 312 0
-147 70 235 246 257 268 279 290 301 312 0
-235 70 147 246 257 268 279 290 301 312 0
-246 70 147 235 257 268 279 290 301 312 0
-257 70 147 235 246 268 279 290 301 312 0
-268 70 147 235 246 257 279 290 301 312 0
-279 70 147 235 246 257 268 290 301 312 0
-290 70 147 235 246 257 268 279 301 312 0
-301 70 147 235 246 257 268 279 290 312 0
-312 70 147 235 246 257 268 279 290 301 0
-81 158 235 323 334 345 356 367 378 389 0
-158 81 235 323 334 345 356 367 378 389 0
-235 81 158 323 334 345 356 367 378 389 0
-323 81 158 235 334 345 356 367 378 389 0
-334 81 158 235 323 345 356 367 378 389 0
-345 81 158 235 323 334 356 367 378 389 0
-356 81 158 235 323 334 345 367 378 389 0
-367 81 158 235 323 334 345 356 378 389 0
-378 81 158 235 323 334 345 356 367 389 0
-389 81 158 235 323 334 345 356 367 378 0
-92 169 246 323 400 411 422 433 444 455 0
-169 92 246 323 400 411 422 433 444 455 0
-246 92 169 323 400 411 422 433 444 455 0
-323 92 169 246 400 411 422 433 444 455 0
-400 92 169 246 323 411 422 433 444 455 0
-411 92 169 246 323 400 422 433 444 455 0
-422 92 169 246 323 400 411 433 444 455 0
-433 92 169 246 323 400 411 422 444 455 0
-444 92 169 246 323 400 411 422 433 455 0
-455 92 169 246 323 400 411 422 433 444 0
-103 180 257 334 400 466 477 488 499 510 0
-180 103 257 334 400 466 477 488 499 510 0
-257 103 180 334 400 466 477 488 499 510 0
-334 103 180 257 400 466 477 488 499 510 0
-400 103 180 257 334 466 477 488 499 510 0
-466 103 180 257 334 400 477 488 499 510 0
-477 103 180 257 334 400 466 488 499 510 0
-488 103 180 257 334 400 466 477 499 510 0
-499 103 180 257 334 400 466 477 488 510 0
-510 103 180 257 334 400 466 477 488 499 0
-125 202 279 356 422 477 521 565 576 587 0
-202 125 279 356 422 477 521 565 576 587 0
-279 125 202 356 422 477 521 565 576 587 0
-356 125 202 279 422 477 521 565 576 587 0
-422 125 202 279 356 477 521 565 576 587 0
-477 125 202 279 356 422 521 565 576 587 0
-521 125 202 279 356 422 477 565 576 587 0
-565 125 202 279 356 422 477 521 576 587 0
-576 125 202 279 356 422 477 521 565 587 0
-587 125 202 279 356 422 477 521 565 576 0
-136 213 290 367 433 488 532 565 598 609 0
-213 136 290 367 433 488 532 565 598 609 0
-290 136 213 367 433 488 532 565 598 609 0
-367 136 213 290 433 488 532 565 598 609 0
-433 136 213 290 367 488 532 565 598 609 0
-488 136 213 290 367 433 532 565 598 609 0
-532 136 213 290 367 433 488 565 598 609 0
-565 136 213 290 367 433 488 532 598 609 0
-598 136 213 290 367 433 488 532 565 609 0
-609 136 213 290 367 433 488 532 565 598 0
-224 301 378 444 499 543 576 598 620 0
-301 224 378 444 499 543 576 598 620 0
-378 224 301 444 499 543 576 598 620 0
-444 224 301 378 499 543 576 598 620 0
-499 224 301 378 444 543 576 598 620 0
-543 224 301 378 444 499 576 598 620 0
-576 224 301 378 444 499 543 598 620 0
-598 224 301 378 444 499 543 576 620 0
-620 224 301 378 444 499 543 576 598 0
-312 389 455 510 554 587 609 620 0
-389 312 455 510 554 587 609 620 0
-455 312 389 510 554 587 609 620 0
-510 312 389 455 554 587 609 620 0
-554 312 389 455 510 587 609 620 0
-587 312 389 455 510 554 609 620 0
-609 312 389 455 510 554 587 620 0
-620 312 389 455 510 554 587 609 0
-60 1 0
-71 2 0
-82 3 0
-93 4 0
-104 5 0
-115 6 0
-126 7 0
-137 8 0
-148 9 0
-159 10 0
-170 11 0
-181 12 0
-192 13 0
-203 14 0
-214 15 0
-225 16 0
-236 17 0
-247 18 0
-258 19 0
-269 20 0
-280 21 0
-291 22 0
-302 23 0
-313 24 0
-324 25 0
-335 26 0
-346 27 0
-357 28 0
-368 29 0
-379 30 0
-390 31 0
-401 32 0
-412 33 0
-423 34 0
-434 35 0
-445 36 0
-456 37 0
-467 38 0
-478 39 0
-489 40 0
-500 41 0
-511 42 0
-522 43 0
-533 44 0
-544 45 0
-555 46 0
-566 47 0
-577 48 0
-588 49 0
-599 50 0
-610 51 0
-621 52 0
 60 71 82 93 104 115 126 137 0
 126 203 280 357 423 478 522 566 577 588 0
 -126 -203 0
 -126 -280 0
 -126 -357 0
 -126 -423 0
 -126 -478 0
 -126 -522 0
 -126 -566 0
 -126 -577 0
 -126 -588 0
 -203 -280 0
 -203 -357 0
 -203 -423 0
 -203 -478 0
 -203 -522 0
 -203 -566 0
 -203 -577 0
 -203 -588 0
 -280 -357 0
 -280 -423 0
 -280 -478 0
 -280 -522 0
 -280 -566 0
 -280 -577 0
 -280 -588 0
 -357 -423 0
 -357 -478 0
 -357 -522 0
 -357 -566 0
 -357 -577 0
 -357 -588 0
 -423 -478 0
 -423 -522 0
 -423 -566 0
 -423 -577 0
 -423 -588 0
 -478 -522 0
 -478 -566 0
 -478 -577 0
 -478 -588 0
 -522 -566 0
 -522 -577 0
 -522 -588 0
 -566 -577 0
 -566 -588 0
 -577 -588 0
-60 148 159 170 181 192 203 214 225 0
-148 60 159 170 181 192 203 214 225 0
-159 60 148 170 181 192 203 214 225 0
-170 60 148 159 181 192 203 214 225 0
-181 60 148 159 170 192 203 214 225 0
-192 60 148 159 170 181 203 214 225 0
-203 60 148 159 170 181 192 214 225 0
-214 60 148 159 170 181 192 203 225 0
-225 60 148 159 170 181 192 203 214 0
-71 148 236 247 258 269 280 291 302 313 0
-148 71 236 247 258 269 280 291 302 313 0
-236 71 148 247 258 269 280 291 302 313 0
-247 71 148 236 258 269 280 291 302 313 0
-258 71 148 236 247 269 280 291 302 313 0
-269 71 148 236 247 258 280 291 302 313 0
-280 71 148 236 247 258 269 291 302 313 0
-291 71 148 236 247 258 269 280 302 313 0
-302 71 148 236 247 258 269 280 291 313 0
-313 71 148 236 247 258 269 280 291 302 0
-82 159 236 324 335 346 357 368 379 390 0
-159 82 236 324 335 346 357 368 379 390 0
-236 82 159 324 335 346 357 368 379 390 0
-324 82 159 236 335 346 357 368 379 390 0
-335 82 159 236 324 346 357 368 379 390 0
-346 82 159 236 324 335 357 368 379 390 0
-357 82 159 236 324 335 346 368 379 390 0
-368 82 159 236 324 335 346 357 379 390 0
-379 82 159 236 324 335 346 357 368 390 0
-390 82 159 236 324 335 346 357 368 379 0
-93 170 247 324 401 412 423 434 445 456 0
-170 93 247 324 401 412 423 434 445 456 0
-247 93 170 324 401 412 423 434 445 456 0
-324 93 170 247 401 412 423 434 445 456 0
-401 93 170 247 324 412 423 434 445 456 0
-412 93 170 247 324 401 423 434 445 456 0
-423 93 170 247 324 401 412 434 445 456 0
-434 93 170 247 324 401 412 423 445 456 0
-445 93 170 247 324 401 412 423 434 456 0
-456 93 170 247 324 401 412 423 434 445 0
-104 181 258 335 401 467 478 489 500 511 0
-181 104 258 335 401 467 478 489 500 511 0
-258 104 181 335 401 467 478 489 500 511 0
-335 104 181 258 401 467 478 489 500 511 0
-401 104 181 258 335 467 478 489 500 511 0
-467 104 181 258 335 401 478 489 500 511 0
-478 104 181 258 335 401 467 489 500 511 0
-489 104 181 258 335 401 467 478 500 511 0
-500 104 181 258 335 401 467 478 489 511 0
-511 104 181 258 335 401 467 478 489 500 0
-115 192 269 346 412 467 522 533 544 555 0
-192 115 269 346 412 467 522 533 544 555 0
-269 115 192 346 412 467 522 533 544 555 0
-346 115 192 269 412 467 522 533 544 555 0
-412 115 192 269 346 467 522 533 544 555 0
-467 115 192 269 346 412 522 533 544 555 0
-522 115 192 269 346 412 467 533 544 555 0
-533 115 192 269 346 412 467 522 544 555 0
-544 115 192 269 346 412 467 522 533 555 0
-555 115 192 269 346 412 467 522 533 544 0
-137 214 291 368 434 489 533 566 599 610 0
-214 137 291 368 434 489 533 566 599 610 0
-291 137 214 368 434 489 533 566 599 610 0
-368 137 214 291 434 489 533 566 599 610 0
-434 137 214 291 368 489 533 566 599 610 0
-489 137 214 291 368 434 533 566 599 610 0
-533 137 214 291 368 434 489 566 599 610 0
-566 137 214 291 368 434 489 533 599 610 0
-599 137 214 291 368 434 489 533 566 610 0
-610 137 214 291 368 434 489 533 566 599 0
-225 302 379 445 500 544 577 599 621 0
-302 225 379 445 500 544 577 599 621 0
-379 225 302 445 500 544 577 599 621 0
-445 225 302 379 500 544 577 599 621 0
-500 225 302 379 445 544 577 599 621 0
-544 225 302 379 445 500 577 599 621 0
-577 225 302 379 445 500 544 599 621 0
-599 225 302 379 445 500 544 577 621 0
-621 225 302 379 445 500 544 577 599 0
-313 390 456 511 555 588 610 621 0
-390 313 456 511 555 588 610 621 0
-456 313 390 511 555 588 610 621 0
-511 313 390 456 555 588 610 621 0
-555 313 390 456 511 588 610 621 0
-588 313 390 456 511 555 610 621 0
-610 313 390 456 511 555 588 621 0
-621 313 390 456 511 555 588 610 0
-61 1 0
-72 2 0
-83 3 0
-94 4 0
-105 5 0
-116 6 0
-127 7 0
-138 8 0
-149 9 0
-160 10 0
-171 11 0
-182 12 0
-193 13 0
-204 14 0
-215 15 0
-226 16 0
-237 17 0
-248 18 0
-259 19 0
-270 20 0
-281 21 0
-292 22 0
-303 23 0
-314 24 0
-325 25 0
-336 26 0
-347 27 0
-358 28 0
-369 29 0
-380 30 0
-391 31 0
-402 32 0
-413 33 0
-424 34 0
-435 35 0
-446 36 0
-457 37 0
-468 38 0
-479 39 0
-490 40 0
-501 41 0
-512 42 0
-523 43 0
-534 44 0
-545 45 0
-556 46 0
-567 47 0
-578 48 0
-589 49 0
-600 50 0
-611 51 0
-622 52 0
 61 72 83 94 105 116 127 138 0
 138 215 292 369 435 490 534 567 600 611 0
 -138 -215 0
 -138 -292 0
 -138 -369 0
 -138 -435 0
 -138 -490 0
 -138 -534 0
 -138 -567 0
 -138 -600 0
 -138 -611 0
 -215 -292 0
 -215 -369 0
 -215 -435 0
 -215 -490 0
 -215 -534 0
 -215 -567 0
 -215 -600 0
 -215 -611 0
 -292 -369 0
 -292 -435 0
 -292 -490 0
 -292 -534 0
 -292 -567 0
 -292 -600 0
 -292 -611 0
 -369 -435 0
 -369 -490 0
 -369 -534 0
 -369 -567 0
 -369 -600 0
 -369 -611 0
 -435 -490 0
 -435 -534 0
 -435 -567 0
 -435 -600 0
 -435 -611 0
 -490 -534 0
 -490 -567 0
 -490 -600 0
 -490 -611 0
 -534 -567 0
 -534 -600 0
 -534 -611 0
 -567 -600 0
 -567 -611 0
 -600 -611 0
-61 149 160 171 182 193 204 215 226 0
-149 61 160 171 182 193 204 215 226 0
-160 61 149 171 182 193 204 215 226 0
-171 61 149 160 182 193 204 215 226 0
-182 61 149 160 171 193 204 215 226 0
-193 61 149 160 171 182 204 215 226 0
-204 61 149 160 171 182 193 215 226 0
-215 61 149 160 171 182 193 204 226 0
-226 61 149 160 171 182 193 204 215 0
-72 149 237 248 259 270 281 292 303 314 0
-149 72 237 248 259 270 281 292 303 314 0
-237 72 149 248 259 270 281 292 303 314 0
-248 72 149 237 259 270 281 292 303 314 0
-259 72 149 237 248 270 281 292 303 314 0
-270 72 149 237 248 259 281 292 303 314 0
-281 72 149 237 248 259 270 292 303 314 0
-292 72 149 237 248 259 270 281 303 314 0
-303 72 149 237 248 259 270 281 292 314 0
-314 72 149 237 248 259 270 281 292 303 0
-83 160 237 325 336 347 358 369 380 391 0
-160 83 237 325 336 347 358 369 380 391 0
-237 83 160 325 336 347 358 369 380 391 0
-325 83 160 237 336 347 358 369 380 391 0
-336 83 160 237 325 347 358 369 380 391 0
-347 83 160 237 325 336 358 369 380 391 0
-358 83 160 237 325 336 347 369 380 391 0
-369 83 160 237 325 336 347 358 380 391 0
-380 83 160 237 325 336 347 358 369 391 0
-391 83 160 237 325 336 347 358 369 380 0
-94 171 248 325 402 413 424 435 446 457 0
-171 94 248 325 402 413 424 435 446 457 0
-248 94 171 325 402 413 424 435 446 457 0
-325 94 171 248 402 413 424 435 446 457 0
-402 94 171 248 325 413 424 435 446 457 0
-413 94 171 248 325 402 424 435 446 457 0
-424 94 171 248 325 402 413 435 446 457 0
-435 94 171 248 325 402 413 424 446 457 0
-446 94 171 248 325 402 413 424 435 457 0
-457 94 171 248 325 402 413 424 435 446 0
-105 182 259 336 402 468 479 490 501 512 0
-182 105 259 336 402 468 479 490 501 512 0
-259 105 182 336 402 468 479 490 501 512 0
-336 105 182 259 402 468 479 490 501 512 0
-402 105 182 259 336 468 479 490 501 512 0
-468 105 182 259 336 402 479 490 501 512 0
-479 105 182 259 336 402 468 490 501 512 0
-490 105 182 259 336 402 468 479 501 512 0
-501 105 182 259 336 402 468 479 490 512 0
-512 105 182 259 336 402 468 479 490 501 0
-116 193 270 347 413 468 523 534 545 556 0
-193 116 270 347 413 468 523 534 545 556 0
-270 116 193 347 413 468 523 534 545 556 0
-347 116 193 270 413 468 523 534 545 556 0
-413 116 193 270 347 468 523 534 545 556 0
-468 116 193 270 347 413 523 534 545 556 0
-523 116 193 270 347 413 468 534 545 556 0
-534 116 193 270 347 413 468 523 545 556 0
-545 116 193 270 347 413 468 523 534 556 0
-556 116 193 270 347 413 468 523 534 545 0
-127 204 281 358 424 479 523 567 578 589 0
-204 127 281 358 424 479 523 567 578 589 0
-281 127 204 358 424 479 523 567 578 589 0
-358 127 204 281 424 479 523 567 578 589 0
-424 127 204 281 358 479 523 567 578 589 0
-479 127 204 281 358 424 523 567 578 589 0
-523 127 204 281 358 424 479 567 578 589 0
-567 127 204 281 358 424 479 523 578 589 0
-578 127 204 281 358 424 479 523 567 589 0
-589 127 204 281 358 424 479 523 567 578 0
-226 303 380 446 501 545 578 600 622 0
-303 226 380 446 501 545 578 600 622 0
-380 226 303 446 501 545 578 600 622 0
-446 226 303 380 501 545 578 600 622 0
-501 226 303 380 446 545 578 600 622 0
-545 226 303 380 446 501 578 600 622 0
-578 226 303 380 446 501 545 600 622 0
-600 226 303 380 446 501 545 578 622 0
-622 226 303 380 446 501 545 578 600 0
-314 391 457 512 556 589 611 622 0
-391 314 457 512 556 589 611 622 0
-457 314 391 512 556 589 611 622 0
-512 314 391 457 556 589 611 622 0
-556 314 391 457 512 589 611 622 0
-589 314 391 457 512 556 611 622 0
-611 314 391 457 512 556 589 622 0
-622 314 391 457 512 556 589 611 0
-62 1 0
-73 2 0
-84 3 0
-95 4 0
-106 5 0
-117 6 0
-128 7 0
-139 8 0
-150 9 0
-161 10 0
-172 11 0
-183 12 0
-194 13 0
-205 14 0
-216 15 0
-227 16 0
-238 17 0
-249 18 0
-260 19 0
-271 20 0
-282 21 0
-293 22 0
-304 23 0
-315 24 0
-326 25 0
-337 26 0
-348 27 0
-359 28 0
-370 29 0
-381 30 0
-392 31 0
-403 32 0
-414 33 0
-425 34 0
-436 35 0
-447 36 0
-458 37 0
-469 38 0
-480 39 0
-491 40 0
-502 41 0
-513 42 0
-524 43 0
-535 44 0
-546 45 0
-557 46 0
-568 47 0
-579 48 0
-590 49 0
-601 50 0
-612 51 0
-623 52 0
 62 73 84 95 106 117 128 139 0
 227 304 381 447 502 546 579 601 623 0
 -227 -304 0
 -227 -381 0
 -227 -447 0
 -227 -502 0
 -227 -546 0
 -227 -579 0
 -227 -601 0
 -227 -623 0
 -304 -381 0
 -304 -447 0
 -304 -502 0
 -304 -546 0
 -304 -579 0
 -304 -601 0
 -304 -623 0
 -381 -447 0
 -381 -502 0
 -381 -546 0
 -381 -579 0
 -381 -601 0
 -381 -623 0
 -447 -502 0
 -447 -546 0
 -447 -579 0
 -447 -601 0
 -447 -623 0
 -502 -546 0
 -502 -579 0
 -502 -601 0
 -502 -623 0
 -546 -579 0
 -546 -601 0
 -546 -623 0
 -579 -601 0
 -579 -623 0
 -601 -623 0
-62 150 161 172 183 194 205 216 227 0
-150 62 161 172 183 194 205 216 227 0
-161 62 150 172 183 194 205 216 227 0
-172 62 150 161 183 194 205 216 227 0
-183 62 150 161 172 194 205 216 227 0
-194 62 150 161 172 183 205 216 227 0
-205 62 150 161 172 183 194 216 227 0
-216 62 150 161 172 183 194 205 227 0
-227 62 150 161 172 183 194 205 216 0
-73 150 238 249 260 271 282 293 304 315 0
-150 73 238 249 260 271 282 293 304 315 0
-238 73 150 249 260 271 282 293 304 315 0
-249 73 150 238 260 271 282 293 304 315 0
-260 73 150 238 249 271 282 293 304 315 0
-271 73 150 238 249 260 282 293 304 315 0
-282 73 150 238 249 260 271 293 304 315 0
-293 73 150 238 249 260 271 282 304 315 0
-304 73 150 238 249 260 271 282 293 315 0
-315 73 150 238 249 260 271 282 293 304 0
-84 161 238 326 337 348 359 370 381 392 0
-161 84 238 326 337 348 359 370 381 392 0
-238 84 161 326 337 348 359 370 381 392 0
-326 84 161 238 337 348 359 370 381 392 0
-337 84 161 238 326 348 359 370 381 392 0
-348 84 161 238 326 337 359 370 381 392 0
-359 84 161 238 326 337 348 370 381 392 0
-370 84 161 238 326 337 348 359 381 392 0
-381 84 161 238 326 337 348 359 370 392 0
-392 84 161 238 326 337 348 359 370 381 0
-95 172 249 326 403 414 425 436 447 458 0
-172 95 249 326 403 414 425 436 447 458 0
-249 95 172 326 403 414 425 436 447 458 0
-326 95 172 249 403 414 425 436 447 458 0
-403 95 172 249 326 414 425 436 447 458 0
-414 95 172 249 326 403 425 436 447 458 0
-425 95 172 249 326 403 414 436 447 458 0
-436 95 172 249 326 403 414 425 447 458 0
-447 95 172 249 326 403 414 425 436 458 0
-458 95 172 249 326 403 414 425 436 447 0
-106 183 260 337 403 469 480 491 502 513 0
-183 106 260 337 403 469 480 491 502 513 0
-260 106 183 337 403 469 480 491 502 513 0
-337 106 183 260 403 469 480 491 502 513 0
-403 106 183 260 337 469 480 491 502 513 0
-469 106 183 260 337 403 480 491 502 513 0
-480 106 183 260 337 403 469 491 502 513 0
-491 106 183 260 337 403 469 480 502 513 0
-502 106 183 260 337 403 469 480 491 513 0
-513 106 183 260 337 403 469 480 491 502 0
-117 194 271 348 414 469 524 535 546 557 0
-194 117 271 348 414 469 524 535 546 557 0
-271 117 194 348 414 469 524 535 546 557 0
-348 117 194 271 414 469 524 535 546 557 0
-414 117 194 271 348 469 524 535 546 557 0
-469 117 194 271 348 414 524 535 546 557 0
-524 117 194 271 348 414 469 535 546 557 0
-535 117 194 271 348 414 469 524 546 557 0
-546 117 194 271 348 414 469 524 535 557 0
-557 117 194 271 348 414 469 524 535 546 0
-128 205 282 359 425 480 524 568 579 590 0
-205 128 282 359 425 480 524 568 579 590 0
-282 128 205 359 425 480 524 568 579 590 0
-359 128 205 282 425 480 524 568 579 590 0
-425 128 205 282 359 480 524 568 579 590 0
-480 128 205 282 359 425 524 568 579 590 0
-524 128 205 282 359 425 480 568 579 590 0
-568 128 205 282 359 425 480 524 579 590 0
-579 128 205 282 359 425 480 524 568 590 0
-590 128 205 282 359 425 480 524 568 579 0
-139 216 293 370 436 491 535 568 601 612 0
-216 139 293 370 436 491 535 568 601 612 0
-293 139 216 370 436 491 535 568 601 612 0
-370 139 216 293 436 491 535 568 601 612 0
-436 139 216 293 370 491 535 568 601 612 0
-491 139 216 293 370 436 535 568 601 612 0
-535 139 216 293 370 436 491 568 601 612 0
-568 139 216 293 370 436 491 535 601 612 0
-601 139 216 293 370 436 491 535 568 612 0
-612 139 216 293 370 436 491 535 568 601 0
-315 392 458 513 557 590 612 623 0
-392 315 458 513 557 590 612 623 0
-458 315 392 513 557 590 612 623 0
-513 315 392 458 557 590 612 623 0
-557 315 392 458 513 590 612 623 0
-590 315 392 458 513 557 612 623 0
-612 315 392 458 513 557 590 623 0
-623 315 392 458 513 557 590 612 0
-63 1 0
-74 2 0
-85 3 0
-96 4 0
-107 5 0
-118 6 0
-129 7 0
-140 8 0
-151 9 0
-162 10 0
-173 11 0
-184 12 0
-195 13 0
-206 14 0
-217 15 0
-228 16 0
-239 17 0
-250 18 0
-261 19 0
-272 20 0
-283 21 0
-294 22 0
-305 23 0
-316 24 0
-327 25 0
-338 26 0
-349 27 0
-360 28 0
-371 29 0
-382 30 0
-393 31 0
-404 32 0
-415 33 0
-426 34 0
-437 35 0
-448 36 0
-459 37 0
-470 38 0
-481 39 0
-492 40 0
-503 41 0
-514 42 0
-525 43 0
-536 44 0
-547 45 0
-558 46 0
-569 47 0
-580 48 0
-591 49 0
-602 50 0
-613 51 0
-624 52 0
 63 74 85 96 107 118 129 140 0
 316 393 459 514 558 591 613 624 0
 -316 -393 0
 -316 -459 0
 -316 -514 0
 -316 -558 0
 -316 -591 0
 -316 -613 0
 -316 -624 0
 -393 -459 0
 -393 -514 0
 -393 -558 0
 -393 -591 0
 -393 -613 0
 -393 -624 0
 -459 -514 0
 -459 -558 0
 -459 -591 0
 -459 -613 0
 -459 -624 0
 -514 -558 0
 -514 -591 0
 -514 -613 0
 -514 -624 0
 -558 -591 0
 -558 -613 0
 -558 -624 0
 -591 -613 0
 -591 -624 0
 -613 -624 0
-63 151 162 173 184 195 206 217 228 0
-151 63 162 173 184 195 206 217 228 0
-162 63 151 173 184 195 206 217 228 0
-173 63 151 162 184 195 206 217 228 0
-184 63 151 162 173 195 206 217 228 0
-195 63 151 162 173 184 206 217 228 0
-206 63 151 162 173 184 195 217 228 0
-217 63 151 162 173 184 195 206 228 0
-228 63 151 162 173 184 195 206 217 0
-74 151 239 250 261 272 283 294 305 316 0
-151 74 239 250 261 272 283 294 305 316 0
-239 74 151 250 261 272 283 294 305 316 0
-250 74 151 239 261 272 283 294 305 316 0
-261 74 151 239 250 272 283 294 305 316 0
-272 74 151 239 250 261 283 294 305 316 0
-283 74 151 239 250 261 272 294 305 316 0
-294 74 151 239 250 261 272 283 305 316 0
-305 74 151 239 250 261 272 283 294 316 0
-316 74 151 239 250 261 272 283 294 305 0
-85 162 239 327 338 349 360 371 382 393 0
-162 85 239 327 338 349 360 371 382 393 0
-239 85 162 327 338 349 360 371 382 393 0
-327 85 162 239 338 349 360 371 382 393 0
-338 85 162 239 327 349 360 371 382 393 0
-349 85 162 239 327 338 360 371 382 393 0
-360 85 162 239 327 338 349 371 382 393 0
-371 85 162 239 327 338 349 360 382 393 0
-382 85 162 239 327 338 349 360 371 393 0
-393 85 162 239 327 338 349 360 371 382 0
-96 173 250 327 404 415 426 437 448 459 0
-173 96 250 327 404 415 426 437 448 459 0
-250 96 173 327 404 415 426 437 448 459 0
-327 96 173 250 404 415 426 437 448 459 0
-404 96 173 250 327 415 426 437 448 459 0
-415 96 173 250 327 404 426 437 448 459 0
-426 96 173 250 327 404 415 437 448 459 0
-437 96 173 250 327 404 415 426 448 459 0
-448 96 173 250 327 404 415 426 437 459 0
-459 96 173 250 327 404 415 426 437 448 0
-107 184 261 338 404 470 481 492 503 514 0
-184 107 261 338 404 470 481 492 503 514 0
-261 107 184 338 404 470 481 492 503 514 0
-338 107 184 261 404 470 481 492 503 514 0
-404 107 184 261 338 470 481 492 503 514 0
-470 107 184 261 338 404 481 492 503 514 0
-481 107 184 261 338 404 470 492 503 514 0
-492 107 184 261 338 404 470 481 503 514 0
-503 107 184 261 338 404 470 481 492 514 0
-514 107 184 261 338 404 470 481 492 503 0
-118 195 272 349 415 470 525 536 547 558 0
-195 118 272 349 415 470 525 536 547 558 0
-272 118 195 349 415 470 525 536 547 558 0
-349 118 195 272 415 470 525 536 547 558 0
-415 118 195 272 349 470 525 536 547 558 0
-470 118 195 272 349 415 525 536 547 558 0
-525 118 195 272 349 415 470 536 547 558 0
-536 118 195 272 349 415 470 525 547 558 0
-547 118 195 272 349 415 470 525 536 558 0
-558 118 195 272 349 415 470 525 536 547 0
-129 206 283 360 426 481 525 569 580 591 0
-206 129 283 360 426 481 525 569 580 591 0
-283 129 206 360 426 481 525 569 580 591 0
-360 129 206 283 426 481 525 569 580 591 0
-426 129 206 283 360 481 525 569 580 591 0
-481 129 206 283 360 426 525 569 580 591 0
-525 129 206 283 360 426 481 569 580 591 0
-569 129 206 283 360 426 481 525 580 591 0
-580 129 206 283 360 426 481 525 569 591 0
-591 129 206 283 360 426 481 525 569 580 0
-140 217 294 371 437 492 536 569 602 613 0
-217 140 294 371 437 492 536 569 602 613 0
-294 140 217 371 437 492 536 569 602 613 0
-371 140 217 294 437 492 536 569 602 613 0
-437 140 217 294 371 492 536 569 602 613 0
-492 140 217 294 371 437 536 569 602 613 0
-536 140 217 294 371 437 492 569 602 613 0
-569 140 217 294 371 437 492 536 602 613 0
-602 140 217 294 371 437 492 536 569 613 0
-613 140 217 294 371 437 492 536 569 602 0
-228 305 382 448 503 547 580 602 624 0
-305 228 382 448 503 547 580 602 624 0
-382 228 305 448 503 547 580 602 624 0
-448 228 305 382 503 547 580 602 624 0
-503 228 305 382 448 547 580 602 624 0
-547 228 305 382 448 503 580 602 624 0
-580 228 305 382 448 503 547 602 624 0
-602 228 305 382 448 503 547 580 624 0
-624 228 305 382 448 503 547 580 602 0
