p cnf 98 346
 1 2 3 4 0
 -1 -2 0
 -1 -3 0
 -1 -4 0
 -2 -3 0
 -2 -4 0
 -3 -4 0
 1 5 6 7 8 0
 -1 -5 -6 0
 -1 -5 -7 0
 -1 -5 -8 0
 -1 -6 -7 0
 -1 -6 -8 0
 -1 -7 -8 0
 -5 -6 -7 0
 -5 -6 -8 0
 -5 -7 -8 0
 -6 -7 -8 0
 2 5 9 10 11 0
 -2 -5 -9 0
 -2 -5 -10 0
 -2 -5 -11 0
 -2 -9 -10 0
 -2 -9 -11 0
 -2 -10 -11 0
 -5 -9 -10 0
 -5 -9 -11 0
 -5 -10 -11 0
 -9 -10 -11 0
 3 6 9 12 13 0
 -3 -6 -9 0
 -3 -6 -12 0
 -3 -6 -13 0
 -3 -9 -12 0
 -3 -9 -13 0
 -3 -12 -13 0
 -6 -9 -12 0
 -6 -9 -13 0
 -6 -12 -13 0
 -9 -12 -13 0
 4 7 10 12 14 0
 -4 -7 -10 0
 -4 -7 -12 0
 -4 -7 -14 0
 -4 -10 -12 0
 -4 -10 -14 0
 -4 -12 -14 0
 -7 -10 -12 0
 -7 -10 -14 0
 -7 -12 -14 0
 -10 -12 -14 0
 8 11 13 14 0
 -8 -11 -13 0
 -8 -11 -14 0
 -8 -13 -14 0
 -11 -13 -14 0
 1 5 9 12 14 0
 -1 -5 0
 -1 -9 0
 -1 -12 0
 -1 -14 0
 -5 -9 0
 -5 -12 0
 -5 -14 0
 -9 -12 0
 -9 -14 0
 -12 -14 0
 2 6 10 13 0
 -2 -6 0
 -2 -10 0
 -2 -13 0
 -6 -10 0
 -6 -13 0
 -10 -13 0
 3 7 11 0
 -3 -7 0
 -3 -11 0
 -7 -11 0
-15 1 0
-21 2 0
-27 3 0
-33 4 0
-39 5 0
-45 6 0
-51 7 0
-57 8 0
-63 9 0
-69 10 0
-75 11 0
-81 12 0
-87 13 0
-93 14 0
 15 21 27 33 0
 15 21 27 33 0
 -15 -21 0
 -15 -27 0
 -15 -33 0
 -21 -27 0
 -21 -33 0
 -27 -33 0
-15 39 45 51 57 0
-39 15 45 51 57 0
-45 15 39 51 57 0
-51 15 39 45 57 0
-57 15 39 45 51 0
-21 39 63 69 75 0
-39 21 63 69 75 0
-63 21 39 69 75 0
-69 21 39 63 75 0
-75 21 39 63 69 0
-27 45 63 81 87 0
-45 27 63 81 87 0
-63 27 45 81 87 0
-81 27 45 63 87 0
-87 27 45 63 81 0
-33 51 69 81 93 0
-51 33 69 81 93 0
-69 33 51 81 93 0
-81 33 51 69 93 0
-93 33 51 69 81 0
-57 75 87 93 0
-75 57 87 93 0
-87 57 75 93 0
-93 57 75 87 0
-16 1 0
-22 2 0
-28 3 0
-34 4 0
-40 5 0
-46 6 0
-52 7 0
-58 8 0
-64 9 0
-70 10 0
-76 11 0
-82 12 0
-88 13 0
-94 14 0
 16 22 28 34 0
 16 40 46 52 58 0
 -16 -40 0
 -16 -46 0
 -16 -52 0
 -16 -58 0
 -40 -46 0
 -40 -52 0
 -40 -58 0
 -46 -52 0
 -46 -58 0
 -52 -58 0
-22 40 64 70 76 0
-40 22 64 70 76 0
-64 22 40 70 76 0
-70 22 40 64 76 0
-76 22 40 64 70 0
-28 46 64 82 88 0
-46 28 64 82 88 0
-64 28 46 82 88 0
-82 28 46 64 88 0
-88 28 46 64 82 0
-34 52 70 82 94 0
-52 34 70 82 94 0
-70 34 52 82 94 0
-82 34 52 70 94 0
-94 34 52 70 82 0
-58 76 88 94 0
-76 58 88 94 0
-88 58 76 94 0
-94 58 76 88 0
-17 1 0
-23 2 0
-29 3 0
-35 4 0
-41 5 0
-47 6 0
-53 7 0
-59 8 0
-65 9 0
-71 10 0
-77 11 0
-83 12 0
-89 13 0
-95 14 0
 17 23 29 35 0
 23 41 65 71 77 0
 -23 -41 0
 -23 -65 0
 -23 -71 0
 -23 -77 0
 -41 -65 0
 -41 -71 0
 -41 -77 0
 -65 -71 0
 -65 -77 0
 -71 -77 0
-17 41 47 53 59 0
-41 17 47 53 59 0
-47 17 41 53 59 0
-53 17 41 47 59 0
-59 17 41 47 53 0
-29 47 65 83 89 0
-47 29 65 83 89 0
-65 29 47 83 89 0
-83 29 47 65 89 0
-89 29 47 65 83 0
-35 53 71 83 95 0
-53 35 71 83 95 0
-71 35 53 83 95 0
-83 35 53 71 95 0
-95 35 53 71 83 0
-59 77 89 95 0
-77 59 89 95 0
-89 59 77 95 0
-95 59 77 89 0
-18 1 0
-24 2 0
-30 3 0
-36 4 0
-42 5 0
-48 6 0
-54 7 0
-60 8 0
-66 9 0
-72 10 0
-78 11 0
-84 12 0
-90 13 0
-96 14 0
 18 24 30 36 0
 30 48 66 84 90 0
 -30 -48 0
 -30 -66 0
 -30 -84 0
 -30 -90 0
 -48 -66 0
 -48 -84 0
 -48 -90 0
 -66 -84 0
 -66 -90 0
 -84 -90 0
-18 42 48 54 60 0
-42 18 48 54 60 0
-48 18 42 54 60 0
-54 18 42 48 60 0
-60 18 42 48 54 0
-24 42 66 72 78 0
-42 24 66 72 78 0
-66 24 42 72 78 0
-72 24 42 66 78 0
-78 24 42 66 72 0
-36 54 72 84 96 0
-54 36 72 84 96 0
-72 36 54 84 96 0
-84 36 54 72 96 0
-96 36 54 72 84 0
-60 78 90 96 0
-78 60 90 96 0
-90 60 78 96 0
-96 60 78 90 0
-19 1 0
-25 2 0
-31 3 0
-37 4 0
-43 5 0
-49 6 0
-55 7 0
-61 8 0
-67 9 0
-73 10 0
-79 11 0
-85 12 0
-91 13 0
-97 14 0
 19 25 31 37 0
 37 55 73 85 97 0
 -37 -55 0
 -37 -73 0
 -37 -85 0
 -37 -97 0
 -55 -73 0
 -55 -85 0
 -55 -97 0
 -73 -85 0
 -73 -97 0
 -85 -97 0
-19 43 49 55 61 0
-43 19 49 55 61 0
-49 19 43 55 61 0
-55 19 43 49 61 0
-61 19 43 49 55 0
-25 43 67 73 79 0
-43 25 67 73 79 0
-67 25 43 73 79 0
-73 25 43 67 79 0
-79 25 43 67 73 0
-31 49 67 85 91 0
-49 31 67 85 91 0
-67 31 49 85 91 0
-85 31 49 67 91 0
-91 31 49 67 85 0
-61 79 91 97 0
-79 61 91 97 0
-91 61 79 97 0
-97 61 79 91 0
-20 1 0
-26 2 0
-32 3 0
-38 4 0
-44 5 0
-50 6 0
-56 7 0
-62 8 0
-68 9 0
-74 10 0
-80 11 0
-86 12 0
-92 13 0
-98 14 0
 20 26 32 38 0
 62 80 92 98 0
 -62 -80 0
 -62 -92 0
 -62 -98 0
 -80 -92 0
 -80 -98 0
 -92 -98 0
-20 44 50 56 62 0
-44 20 50 56 62 0
-50 20 44 56 62 0
-56 20 44 50 62 0
-62 20 44 50 56 0
-26 44 68 74 80 0
-44 26 68 74 80 0
-68 26 44 74 80 0
-74 26 44 68 80 0
-80 26 44 68 74 0
-32 50 68 86 92 0
-50 32 68 86 92 0
-68 32 50 86 92 0
-86 32 50 68 92 0
-92 32 50 68 86 0
-38 56 74 86 98 0
-56 38 74 86 98 0
-74 38 56 86 98 0
-86 38 56 74 98 0
-98 38 56 74 86 0
