p cnf 198 219
 1 2 3 4 0
 -1 -2 0
 -1 -3 0
 -1 -4 0
 -2 -3 0
 -2 -4 0
 -3 -4 0
 1 5 6 7 8 0
 -1 -5 -6 0
 -1 -5 -7 0
 -1 -5 -8 0
 -1 -6 -7 0
 -1 -6 -8 0
 -1 -7 -8 0
 -5 -6 -7 0
 -5 -6 -8 0
 -5 -7 -8 0
 -6 -7 -8 0
 2 5 9 10 11 12 0
 -2 -5 -9 0
 -2 -5 -10 0
 -2 -5 -11 0
 -2 -5 -12 0
 -2 -9 -10 0
 -2 -9 -11 0
 -2 -9 -12 0
 -2 -10 -11 0
 -2 -10 -12 0
 -2 -11 -12 0
 -5 -9 -10 0
 -5 -9 -11 0
 -5 -9 -12 0
 -5 -10 -11 0
 -5 -10 -12 0
 -5 -11 -12 0
 -9 -10 -11 0
 -9 -10 -12 0
 -9 -11 -12 0
 -10 -11 -12 0
 3 6 9 13 14 15 16 0
 -3 -6 -9 0
 -3 -6 -13 0
 -3 -6 -14 0
 -3 -6 -15 0
 -3 -6 -16 0
 -3 -9 -13 0
 -3 -9 -14 0
 -3 -9 -15 0
 -3 -9 -16 0
 -3 -13 -14 0
 -3 -13 -15 0
 -3 -13 -16 0
 -3 -14 -15 0
 -3 -14 -16 0
 -3 -15 -16 0
 -6 -9 -13 0
 -6 -9 -14 0
 -6 -9 -15 0
 -6 -9 -16 0
 -6 -13 -14 0
 -6 -13 -15 0
 -6 -13 -16 0
 -6 -14 -15 0
 -6 -14 -16 0
 -6 -15 -16 0
 -9 -13 -14 0
 -9 -13 -15 0
 -9 -13 -16 0
 -9 -14 -15 0
 -9 -14 -16 0
 -9 -15 -16 0
 -13 -14 -15 0
 -13 -14 -16 0
 -13 -15 -16 0
 -14 -15 -16 0
 4 7 10 13 17 18 19 0
 -4 -7 -10 0
 -4 -7 -13 0
 -4 -7 -17 0
 -4 -7 -18 0
 -4 -7 -19 0
 -4 -10 -13 0
 -4 -10 -17 0
 -4 -10 -18 0
 -4 -10 -19 0
 -4 -13 -17 0
 -4 -13 -18 0
 -4 -13 -19 0
 -4 -17 -18 0
 -4 -17 -19 0
 -4 -18 -19 0
 -7 -10 -13 0
 -7 -10 -17 0
 -7 -10 -18 0
 -7 -10 -19 0
 -7 -13 -17 0
 -7 -13 -18 0
 -7 -13 -19 0
 -7 -17 -18 0
 -7 -17 -19 0
 -7 -18 -19 0
 -10 -13 -17 0
 -10 -13 -18 0
 -10 -13 -19 0
 -10 -17 -18 0
 -10 -17 -19 0
 -10 -18 -19 0
 -13 -17 -18 0
 -13 -17 -19 0
 -13 -18 -19 0
 -17 -18 -19 0
 8 11 14 17 20 21 0
 -8 -11 -14 0
 -8 -11 -17 0
 -8 -11 -20 0
 -8 -11 -21 0
 -8 -14 -17 0
 -8 -14 -20 0
 -8 -14 -21 0
 -8 -17 -20 0
 -8 -17 -21 0
 -8 -20 -21 0
 -11 -14 -17 0
 -11 -14 -20 0
 -11 -14 -21 0
 -11 -17 -20 0
 -11 -17 -21 0
 -11 -20 -21 0
 -14 -17 -20 0
 -14 -17 -21 0
 -14 -20 -21 0
 -17 -20 -21 0
 12 15 18 20 22 0
 -12 -15 -18 0
 -12 -15 -20 0
 -12 -15 -22 0
 -12 -18 -20 0
 -12 -18 -22 0
 -12 -20 -22 0
 -15 -18 -20 0
 -15 -18 -22 0
 -15 -20 -22 0
 -18 -20 -22 0
 16 19 21 22 0
 -16 -19 -21 0
 -16 -19 -22 0
 -16 -21 -22 0
 -19 -21 -22 0
 1 5 9 13 17 20 22 0
 -1 -5 0
 -1 -9 0
 -1 -13 0
 -1 -17 0
 -1 -20 0
 -1 -22 0
 -5 -9 0
 -5 -13 0
 -5 -17 0
 -5 -20 0
 -5 -22 0
 -9 -13 0
 -9 -17 0
 -9 -20 0
 -9 -22 0
 -13 -17 0
 -13 -20 0
 -13 -22 0
 -17 -20 0
 -17 -22 0
 -20 -22 0
 2 6 10 14 18 0
 2 6 10 14 21 0
 2 6 10 18 21 0
 2 6 14 18 21 0
 2 10 14 18 21 0
 6 10 14 18 21 0
 -2 -6 -10 0
 -2 -6 -14 0
 -2 -6 -18 0
 -2 -6 -21 0
 -2 -10 -14 0
 -2 -10 -18 0
 -2 -10 -21 0
 -2 -14 -18 0
 -2 -14 -21 0
 -2 -18 -21 0
 -6 -10 -14 0
 -6 -10 -18 0
 -6 -10 -21 0
 -6 -14 -18 0
 -6 -14 -21 0
 -6 -18 -21 0
 -10 -14 -18 0
 -10 -14 -21 0
 -10 -18 -21 0
 -14 -18 -21 0
 3 7 11 15 0
 3 7 11 19 0
 3 7 15 19 0
 3 11 15 19 0
 7 11 15 19 0
 -3 -7 -11 0
 -3 -7 -15 0
 -3 -7 -19 0
 -3 -11 -15 0
 -3 -11 -19 0
 -3 -15 -19 0
 -7 -11 -15 0
 -7 -11 -19 0
 -7 -15 -19 0
 -11 -15 -19 0
 4 8 12 0
 4 8 16 0
 4 12 16 0
 8 12 16 0
 -4 -8 -12 0
 -4 -8 -16 0
 -4 -12 -16 0
 -8 -12 -16 0
